0.042373266197589077,0.040448307284921617,0.039825881363658049,0.038407351625075456,0.0384602022554109,0.038184996414571112,0.038443379081085728,0.038511183779001701,0.039607723098327136,0.040214781098927906,0.041488238714235869
0.019453188475616175,0.019343100923267308,0.019995830235948905,0.020232698077870443,0.02042536200510222,0.020661048173847188,0.020820549028914948,0.020960185773056979,0.021080809234842804,0.021182787221948333,0.021243393206780568
0.018961857507909428,0.019046644904594914,0.019776082487547832,0.0200314652762188,0.020207956662577513,0.020331897217900827,0.020330030317664442,0.020524840424796912,0.020297892299607351,0.020608896052948807,0.020554586303397421
0.018821962895232316,0.018846115959763304,0.019408362063237112,0.01966177457798108,0.019826349075239894,0.01997397369061037,0.020106084429288559,0.020138676239653361,0.020182085051780006,0.020224193714788421,0.020280285878649995
0.018594524156843012,0.018579548898506458,0.019195278351211632,0.01943600559572848,0.019648857413780797,0.019766059220452038,0.019835981406673166,0.019877849067642592,0.019891111753893648,0.019918156527983021,0.019943584038234929
0.018495347011891258,0.018507454206303547,0.019158419563026531,0.019402079474159777,0.019586107569211489,0.019690196508881604,0.019720247944962847,0.019766389608324813,0.019793102258259334,0.019813729110134674,0.01984349216027758
0.018457025261449416,0.018501486030575286,0.019107481008634426,0.019374245746587831,0.019572479042912042,0.019679789340838465,0.019707251230618332,0.01977036860728873,0.019790451509191894,0.019809653598091063,0.019840433855915881
0.018441455380315521,0.018466148325909613,0.019085660308577841,0.019348535787142605,0.019552315793252728,0.019643272374325803,0.019691080397456723,0.019733611885040411,0.019757245282034246,0.019778464865922416,0.019800079833687104
0.018419835349886764,0.018457714018689286,0.019085006953997726,0.019344372600372469,0.019540845946933123,0.019652693149947043,0.019686412220106163,0.019735462578434341,0.019749702635405028,0.019770313898197629,0.019797385475454361
0.018421230707666793,0.018453271379190197,0.019087801124363857,0.01935196145669155,0.019547195262691195,0.019646196387399568,0.019688114545311122,0.019732470435557172,0.01974583917254976,0.019763939497249385,0.019782352230705121
