  0.100000000000000        118.331454639839        66.7789834642186     
  0.200000000000000        119.322255511657        67.8294278817196     
  0.300000000000000        120.742654845761        67.0341569202925     
  0.400000000000000        120.757112155235        65.8310142121444     
  0.500000000000000        120.264852813293        66.9931184060411     
  0.600000000000000        120.459838988800        66.8345341018537     
  0.700000000000000        120.344231924569        66.9993080117419     
  0.800000000000000        120.769060732060        66.7550379894303     
  0.900000000000000        120.651429803458        66.9940430293678     
   1.00000000000000        121.273583979608        67.1185503656010     
   1.10000000000000        121.225576365109        67.7214147175249     
   1.20000000000000        121.451951888246        66.2809526967481     
   1.30000000000000        122.699458439384        67.1938759076124     
   1.40000000000000        121.240331237475        66.9849272017888     
   1.50000000000000        121.419849159953        67.3385641570008     
   1.60000000000000        122.150725592809        67.0114893318910     
   1.70000000000000        122.577735858231        67.8066519992498     
   1.80000000000000        121.733765897485        67.8293628614952     
   1.90000000000000        121.739491443920        68.1042570062625     
   2.00000000000000        121.062748008198        68.2541421582301     
   2.10000000000000        124.083754269585        67.4586317777359     
   2.20000000000000        123.164545762081        66.2903927743140     
   2.30000000000000        122.416346492711        67.0974825613569     
   2.40000000000000        122.259800815806        67.1090981340644     
   2.50000000000000        123.702847758430        67.8508379853833     
   2.60000000000000        123.044765896398        68.2439848017000     
   2.70000000000000        123.899847222213        67.1758456903043     
   2.80000000000000        122.492462191657        67.0518361252796     
   2.90000000000000        122.700673509234        66.9967966757670     
   3.00000000000000        123.191269640032        67.0234565481419     
   3.10000000000000        123.388657214950        66.8539702342309     
   3.20000000000000        123.036736766096        66.8831029473634     
   3.30000000000000        123.908066700904        67.6271423177783     
   3.40000000000000        123.856984682647        67.7045090857148     
   3.50000000000000        124.246139407963        68.3038086505255     
   3.60000000000000        123.826545945466        66.8338342956638     
   3.70000000000000        123.329180387073        67.1275646131608     
   3.80000000000000        124.460215342076        66.8903121244099     
   3.90000000000000        125.210018676677        67.5948966471922     
   4.00000000000000        126.040905016544        66.2623585358926     
   4.10000000000000        125.269790015482        66.3502665499479     
   4.20000000000000        124.005875663730        67.0276492887527     
   4.30000000000000        123.497589040814        67.5289917760355     
   4.40000000000000        122.742440566516        66.9631072076108     
   4.50000000000000        124.106558771582        67.2805301887636     
   4.60000000000000        124.089807859578        67.3750515799575     
   4.70000000000000        125.074405123131        66.8185382561062     
   4.80000000000000        124.777451423400        65.7781359999712     
   4.90000000000000        124.532507919362        66.9654380096601     
   5.00000000000000        124.449288890635        67.6908507412537     
   5.10000000000000        125.318234864633        66.9386831734215     
   5.20000000000000        124.107408047276        66.2931007982007     
   5.30000000000000        123.834563251579        68.4089399133092     
   5.40000000000000        125.359227489159        68.4984595979373     
   5.50000000000000        124.854185728353        66.8058716862326     
   5.60000000000000        125.383897461460        66.9407736123650     
   5.70000000000000        125.748276731972        67.2430516776933     
   5.80000000000000        125.702393270001        66.6969283872683     
   5.90000000000000        126.766311619035        65.6148138135155     
   6.00000000000000        126.725672284987        66.4206394750997     
   6.10000000000000        125.384792462318        66.6142825546946     
   6.20000000000000        126.128172117871        67.8508836523513     
   6.30000000000000        125.823170651886        66.9286033605665     
   6.40000000000000        126.883633111922        66.9466354160882     
   6.50000000000000        127.676838062526        65.9747963471430     
   6.60000000000000        128.165009495918        65.8048029026997     
   6.70000000000000        126.927468492600        66.9698213666794     
   6.80000000000000        126.230407254336        67.7405016360556     
   6.90000000000000        125.785767409638        65.9034331685042     
   7.00000000000000        126.687619442630        66.9651850324550     
   7.10000000000000        126.733499490090        67.4211632308308     
   7.20000000000000        127.090125305278        66.6700899765949     
   7.30000000000000        127.840117460087        67.2012576039395     
   7.40000000000000        127.423660850079        66.6166433674914     
   7.50000000000000        128.114334380025        65.8986741941250     
   7.60000000000000        128.501714397915        67.2969877534539     
   7.70000000000000        127.785397205819        68.7436017476655     
   7.80000000000000        127.684781148074        67.4833303088421     
   7.90000000000000        127.399339366791        67.9618195877634     
   8.00000000000000        129.530955444852        66.5013573852981     
   8.10000000000000        129.295940311278        68.2729212011733     
   8.20000000000000        128.068951081983        68.0364132818624     
   8.30000000000000        127.947867585451        68.5774839700066     
   8.40000000000000        130.134604737057        66.7841549281686     
   8.50000000000000        127.832207013186        67.0888980469180     
   8.60000000000000        128.240740558936        66.8489934115209     
   8.70000000000000        128.607702816921        67.9534449476089     
   8.80000000000000        128.285260213582        66.9135025984456     
   8.90000000000000        129.058786900758        67.2606871790053     
   9.00000000000000        129.614884762459        65.1557429916762     
   9.10000000000000        131.618331665031        67.1344481956146     
   9.20000000000000        130.502680266088        69.1252041552449     
   9.30000000000000        129.354279017125        66.5606715094812     
   9.40000000000000        129.277237604784        67.2401531737802     
   9.50000000000000        129.057687891529        66.4097709926131     
   9.60000000000000        128.471818966801        66.8003506502170     
   9.70000000000000        129.719221935083        67.3533694776850     
   9.80000000000000        129.051528289616        66.8703580814789     
   9.90000000000000        129.428938874404        66.5681474930302     
   10.0000000000000        129.381946486260        67.1055664348821     
   10.1000000000000        129.213127055914        66.6277036039083     
   10.2000000000000        129.833339474420        66.6041720101013     
   10.3000000000000        129.741138666680        66.3495296291388     
   10.4000000000000        129.866893125053        67.1812010432906     
   10.5000000000000        129.457387873363        67.8143309543882     
   10.6000000000000        129.974564730069        67.6027124188692     
   10.7000000000000        130.076135009221        66.7463391772133     
   10.8000000000000        130.179088768361        66.6827996903672     
   10.9000000000000        130.666551995701        67.0105577222432     
   11.0000000000000        130.703745404190        67.8899197086728     
   11.1000000000000        131.415202185815        66.5218569361287     
   11.2000000000000        131.113254774105        67.4198151101570     
   11.3000000000000        131.053475055645        67.0227944375041     
   11.4000000000000        131.313394841372        66.5037386725999     
   11.5000000000000        131.156181836928        66.7231467139531     
   11.6000000000000        131.328897476552        66.7664210052373     
   11.7000000000000        131.100083005919        66.1392746544768     
   11.8000000000000        132.763850852314        67.7504167481941     
   11.9000000000000        131.958385738564        68.4902887026893     
   12.0000000000000        132.721542680408        66.3752284264357     
   12.1000000000000        131.885370162474        67.1573576862897     
   12.2000000000000        131.558238394043        67.1883053434625     
   12.3000000000000        132.051157935080        66.8246143543323     
   12.4000000000000        132.118841518529        67.1021176095655     
   12.5000000000000        132.371065741605        67.0434329542528     
   12.6000000000000        132.310449562243        66.9995467334669     
   12.7000000000000        132.339895684819        67.4995481812736     
   12.8000000000000        132.759729255682        67.1543157814055     
   12.9000000000000        132.529043603465        66.8070204601568     
   13.0000000000000        132.450458444813        68.3962030307857     
   13.1000000000000        132.554503919018        67.2444513180722     
   13.2000000000000        133.435059234210        67.5383647077334     
   13.3000000000000        133.001703803813        66.8516522608867     
   13.4000000000000        133.946348799897        66.8333134472116     
   13.5000000000000        133.145245369834        65.5387179308367     
   13.6000000000000        134.238348855528        66.1645261466939     
   13.7000000000000        133.808833440684        66.7014922468590     
   13.8000000000000        132.833393599173        66.3359767413918     
   13.9000000000000        133.677348069952        67.1239771911054     
   14.0000000000000        133.758273626180        67.4226090689550     
   14.1000000000000        133.705694622049        67.1298255047194     
   14.2000000000000        134.010068282866        66.7781153249815     
   14.3000000000000        134.644287817463        67.0885831598662     
   14.4000000000000        134.521126681683        67.3996126799407     
   14.5000000000000        133.805387379470        66.8874433315251     
   14.6000000000000        134.395807840576        66.9800035181287     
   14.7000000000000        134.174137835439        67.0009198917617     
   14.8000000000000        133.771114865682        67.3359067042828     
   14.9000000000000        134.349014767050        67.1286332541013     
   15.0000000000000        133.533753173844        67.7225077918768     
   15.1000000000000        135.050876717310        68.4443721995540     
   15.2000000000000        134.927713486400        67.3539192103119     
   15.3000000000000        135.409324963088        67.5396082911114     
   15.4000000000000        135.167707268555        66.8728108360961     
   15.5000000000000        135.472008119439        67.0978981790814     
   15.6000000000000        135.937133551946        66.7061036369161     
   15.7000000000000        135.480003907715        67.3428867289771     
   15.8000000000000        135.900969416002        66.8179152458492     
   15.9000000000000        135.686286765211        66.1801292600961     
   16.0000000000000        136.370229024133        66.3478263865899     
   16.1000000000000        135.641108105436        67.0803626236475     
   16.2000000000000        136.713567015303        67.6086219108684     
   16.3000000000000        136.057215497242        66.8284555443784     
   16.4000000000000        136.723183126076        65.8973276016012     
   16.5000000000000        136.403807306456        67.1935043268691     
   16.6000000000000        136.251363147680        67.1946786026999     
   16.7000000000000        136.413581208423        67.4056638309994     
   16.8000000000000        137.126466049297        67.6107742057693     
   16.9000000000000        136.096571063450        67.4565551081720     
   17.0000000000000        135.505271146523        67.0678229320542     
   17.1000000000000        135.128290437190        68.3798529186569     
   17.2000000000000        134.933437932085        68.5015534395045     
   17.3000000000000        136.004302395717        66.3172425371974     
   17.4000000000000        135.634205407537        66.7790697793519     
   17.5000000000000        136.092074219171        67.5118269843056     
   17.6000000000000        136.415880266271        68.6581761404608     
   17.7000000000000        136.419132812652        68.2604128090512     
   17.8000000000000        136.942301407775        67.8294840322539     
   17.9000000000000        136.745975818978        69.5019998454578     
   18.0000000000000        136.039316769831        68.7845027982162     
   18.1000000000000        136.056916216809        69.3343231823690     
   18.2000000000000        135.912248837306        69.3702757778844     
   18.3000000000000        135.619996921359        69.3599039534963     
   18.4000000000000        136.400320571444        69.7033999205925     
   18.5000000000000        136.781402743203        69.4379710746454     
   18.6000000000000        136.260167944310        68.9908407565285     
   18.7000000000000        136.517223191712        69.4767768617870     
   18.8000000000000        136.978922361994        69.6496238936006     
   18.9000000000000        136.625689566248        70.9635793906132     
   19.0000000000000        137.555110361929        70.5645876862461     
   19.1000000000000        136.918403887978        70.3412993192097     
   19.2000000000000        136.763687449729        69.8621529232874     
   19.3000000000000        137.311567425289        70.2708915458392     
   19.4000000000000        137.104509038398        69.8879633400238     
   19.5000000000000        138.441356934280        70.0287313468795     
   19.6000000000000        137.363677532019        69.3356322463544     
   19.7000000000000        137.825714255407        70.8369384837982     
   19.8000000000000        137.309424249788        70.8369264671677     
   19.9000000000000        136.559107000813        71.2894457406757     
   20.0000000000000        137.143062445232        70.1521868351504     
   20.1000000000000        136.792513794545        69.4544624962197     
   20.2000000000000        138.208321191455        70.4186675793778     
   20.3000000000000        137.061766558787        70.3249759208177     
   20.4000000000000        137.022879548066        71.2664359300725     
   20.5000000000000        137.459226793311        70.7133775818551     
   20.6000000000000        137.471824792416        71.5501115327730     
   20.7000000000000        138.012503711010        71.8189342488133     
   20.8000000000000        138.197327472636        71.1449922106532     
   20.9000000000000        137.071529192738        71.3508304035909     
   21.0000000000000        137.173571164141        71.7893598038015     
   21.1000000000000        137.756335270365        70.4633070898830     
   21.2000000000000        138.020426460939        71.8835502229926     
   21.3000000000000        137.346478741513        72.3645772504632     
   21.4000000000000        136.656090406656        72.4134850872700     
   21.5000000000000        136.518923673986        72.2856393435088     
   21.6000000000000        137.600141467674        72.0526785637624     
   21.7000000000000        137.492548541296        71.7133278810408     
   21.8000000000000        137.109914144391        72.4264522443096     
   21.9000000000000        137.130024995085        71.7212952368455     
   22.0000000000000        137.441476278195        71.8524860157083     
   22.1000000000000        136.580692707753        72.6997156802739     
   22.2000000000000        137.574678686822        72.7949886941821     
   22.3000000000000        136.781850328953        73.6198464340379     
   22.4000000000000        137.999913906890        73.1223332506638     
   22.5000000000000        137.492327208311        71.9184223983872     
   22.6000000000000        137.179157467746        73.1633600038933     
   22.7000000000000        137.297228742234        73.7900426271489     
   22.8000000000000        137.855601634976        74.1614435495636     
   22.9000000000000        137.467212597358        73.2315052217331     
   23.0000000000000        138.808490189291        72.1155578624479     
   23.1000000000000        138.372665305305        73.4825035627460     
   23.2000000000000        137.656424944784        73.7297833083030     
   23.3000000000000        137.149088199700        73.8161932531121     
   23.4000000000000        137.625814916289        74.8923203185002     
   23.5000000000000        136.845831430426        74.3603053505063     
   23.6000000000000        137.961228082356        74.2436134892870     
   23.7000000000000        137.928131125541        74.2112952280340     
   23.8000000000000        137.207183920020        73.9603795818335     
   23.9000000000000        138.176757208949        74.6725926985858     
   24.0000000000000        137.762644606331        74.5529781923089     
   24.1000000000000        137.572392446809        75.4503139634521     
   24.2000000000000        136.617430331019        75.3916123237986     
   24.3000000000000        137.841182727430        75.7363693908487     
   24.4000000000000        136.636294833405        73.9692969538278     
   24.5000000000000        137.564629915685        76.9033687121412     
   24.6000000000000        138.705206611989        74.3521228036635     
   24.7000000000000        137.559688683331        73.4110792068358     
   24.8000000000000        137.304210999084        74.1410501996995     
   24.9000000000000        136.748170120263        73.8065703303231     
   25.0000000000000        138.748028277815        74.1030011583812     
   25.1000000000000        138.423687980522        75.7869731828053     
   25.2000000000000        138.696366207804        77.1755784219352     
   25.3000000000000        138.449528913993        77.0375627271367     
   25.4000000000000        138.415414869060        76.3627852939484     
   25.5000000000000        138.174919531815        77.0449842190574     
   25.6000000000000        138.750995836994        76.1033235147332     
   25.7000000000000        138.762288189778        75.5578081209984     
   25.8000000000000        138.897306361512        75.8965129557247     
   25.9000000000000        138.930860843573        76.3859861316896     
   26.0000000000000        138.637374917198        76.2339559053582     
   26.1000000000000        139.302554811609        76.6160494882158     
   26.2000000000000        138.578084401771        76.5409610276105     
   26.3000000000000        138.630377502029        76.4304108864679     
   26.4000000000000        138.328968750039        76.1072719946612     
   26.5000000000000        138.677318778606        76.3851976920043     
   26.6000000000000        139.100101446522        77.3970884256441     
   26.7000000000000        138.510647537932        76.4573872716084     
   26.8000000000000        138.695915152200        76.5928766475163     
   26.9000000000000        138.180043706103        76.2994570089354     
   27.0000000000000        138.083549430578        75.7585673501450     
   27.1000000000000        137.763538800985        76.0796674519707     
   27.2000000000000        137.863635327231        77.5249288209661     
   27.3000000000000        138.491882061979        76.4164025937514     
   27.4000000000000        138.122121515955        77.6761657278045     
   27.5000000000000        138.296723138856        77.4072229440565     
   27.6000000000000        137.435953066012        76.9958071644067     
   27.7000000000000        136.897563812086        76.9082181342819     
   27.8000000000000        136.419277600843        76.7571235115090     
   27.9000000000000        136.907450842887        76.5030436430424     
   28.0000000000000        136.618219466905        76.9069127833155     
   28.1000000000000        137.579353760219        76.7967110017544     
   28.2000000000000        136.691458778159        77.6057981695300     
   28.3000000000000        136.105473664216        76.8069673435004     
   28.4000000000000        137.722223970655        76.9307069594238     
   28.5000000000000        136.217963151102        77.5277409518270     
   28.6000000000000        136.348569904054        76.4358585612701     
   28.7000000000000        135.253920615288        77.6875776210531     
   28.8000000000000        136.205921059933        76.6945388415181     
   28.9000000000000        136.290203940631        76.9421087997466     
   29.0000000000000        135.442407279977        75.7833157265890     
   29.1000000000000        135.123579863363        76.9340731762303     
   29.2000000000000        136.935144734411        76.3960751788402     
   29.3000000000000        136.197369908928        76.5382136304126     
   29.4000000000000        135.665572569647        76.7312564467929     
   29.5000000000000        134.754828929083        75.9990903195081     
   29.6000000000000        135.059385794499        77.1509501663988     
   29.7000000000000        134.727213982742        76.7532773178919     
   29.8000000000000        135.016335024689        76.5373518135624     
   29.9000000000000        135.214351436252        76.4070969251244     
   30.0000000000000        134.846653804498        76.6143091675851     
   30.1000000000000        134.808118770154        76.6508599004313     
   30.2000000000000        134.727304680288        76.6680131826518     
   30.3000000000000        135.482063132411        76.0661304687498     
   30.4000000000000        134.271288841127        76.5609993105551     
   30.5000000000000        135.373708761844        75.5848453213057     
   30.6000000000000        135.691360312937        78.1062791175735     
   30.7000000000000        135.234570043118        77.6572949849685     
   30.8000000000000        134.983492999068        76.6191571980425     
   30.9000000000000        134.458882927113        75.9276899187351     
   31.0000000000000        134.476143152721        77.3359097090506     
   31.1000000000000        133.719665747993        77.1746841641722     
   31.2000000000000        133.800107449588        76.4386301179191     
   31.3000000000000        133.750645500395        76.7930160150236     
   31.4000000000000        134.412070221170        76.4964352346725     
   31.5000000000000        133.577530762463        76.4827961910344     
   31.6000000000000        133.537994946404        76.9729103821351     
   31.7000000000000        132.286750496031        76.4987982209924     
   31.8000000000000        132.595059237680        76.0766490812262     
   31.9000000000000        132.591679364442        77.4642214581488     
   32.0000000000000        132.010805814441        78.5008355627907     
   32.1000000000000        132.412913041324        76.4364266147171     
   32.2000000000000        133.428265900841        76.8985636832394     
   32.3000000000000        133.352346781642        77.3837304445106     
   32.4000000000000        133.044956451914        77.7506233232894     
   32.5000000000000        132.209482984849        77.4699853978602     
   32.6000000000000        133.088794397424        76.9012146116189     
   32.7000000000000        132.291842707242        76.2170320736254     
   32.8000000000000        132.201392463947        76.3541206687675     
   32.9000000000000        131.921422492761        76.6088059347353     
   33.0000000000000        131.896060241208        76.8835410614040     
   33.1000000000000        132.335001804682        77.0920465455745     
   33.2000000000000        131.741246658091        76.6643066120673     
   33.3000000000000        130.541578451533        76.0207779309111     
   33.4000000000000        131.460470742358        76.7693725387797     
   33.5000000000000        131.213692247765        77.1909309353528     
   33.6000000000000        130.782742470046        76.4783633767782     
   33.7000000000000        131.578692657017        76.0179867518783     
   33.8000000000000        130.903225838214        76.5458952001369     
   33.9000000000000        130.717427187269        76.0130321325790     
   34.0000000000000        131.017776128497        76.5430865063861     
   34.1000000000000        130.928773950983        76.9912231139830     
   34.2000000000000        131.054130718687        75.1579758587328     
   34.3000000000000        130.616114865544        76.6932618438516     
   34.4000000000000        130.708565686528        76.9457371535881     
   34.5000000000000        130.112402576146        77.4752272711580     
   34.6000000000000        130.917949520506        77.7043833107361     
   34.7000000000000        131.816629723893        76.3310558632985     
   34.8000000000000        130.669362373792        75.8761903202291     
   34.9000000000000        132.142604851885        76.2127260104177     
   35.0000000000000        130.142900295952        76.9854214267462     
   35.1000000000000        129.760960999312        76.5370387922745     
   35.2000000000000        129.102074214034        77.3469138639518     
   35.3000000000000        129.857696452581        76.8273133728187     
   35.4000000000000        129.603914084394        76.6178853573608     
   35.5000000000000        129.214854139150        76.2612627203749     
   35.6000000000000        128.683000588117        76.5702612625032     
   35.7000000000000        129.161384658288        76.6695015518570     
   35.8000000000000        129.547926134628        77.0709847493241     
   35.9000000000000        129.272260629445        76.6727813715489     
   36.0000000000000        130.060377340855        75.7805865670146     
   36.1000000000000        129.096533549843        76.6372980689993     
   36.2000000000000        128.951493584848        76.6325350645767     
   36.3000000000000        129.037948268352        76.9693716985654     
   36.4000000000000        128.712777684273        76.8700316239948     
   36.5000000000000        128.704231536438        76.2230960819763     
   36.6000000000000        129.213613970118        75.5010043577843     
   36.7000000000000        128.357436100369        76.5011520356309     
   36.8000000000000        128.397870193825        76.1402150267375     
   36.9000000000000        127.651971633748        77.0246698721235     
   37.0000000000000        128.110777108593        77.3596666185189     
   37.1000000000000        127.696573024393        77.0500728870271     
   37.2000000000000        127.837849603650        76.6199627141889     
   37.3000000000000        128.270075366864        76.4011377990557     
   37.4000000000000        127.679902511080        76.5851343308929     
   37.5000000000000        129.369588079187        76.5201964276587     
   37.6000000000000        128.443755323513        77.5501701364648     
   37.7000000000000        127.984912753614        76.8156211380440     
   37.8000000000000        127.438206135779        76.9979663172695     
   37.9000000000000        126.927235360342        76.0293185890926     
   38.0000000000000        127.013055740308        76.9081196852284     
   38.1000000000000        126.983582836206        76.6783146805389     
   38.2000000000000        126.113554790352        77.4423018751849     
   38.3000000000000        125.977113278530        75.9505834742518     
   38.4000000000000        126.497923765502        74.9075986409930     
   38.5000000000000        125.150337322605        76.6869438811236     
   38.6000000000000        125.211491481775        77.4159500167773     
   38.7000000000000        126.132626402690        77.1081393297220     
   38.8000000000000        125.917588541875        76.2261952017966     
   38.9000000000000        124.859227064511        77.4380890076297     
   39.0000000000000        125.999778254284        77.0111705642243     
   39.1000000000000        125.866824860343        77.1681389110473     
   39.2000000000000        125.947788593999        76.6340258449491     
   39.3000000000000        127.331951758077        76.0878791232562     
   39.4000000000000        125.881419803009        76.5242619341758     
   39.5000000000000        125.660731678466        76.4609344732290     
   39.6000000000000        125.443143176820        76.5817062823344     
   39.7000000000000        125.278819481661        76.7897530554548     
   39.8000000000000        125.959984292739        77.0288329985370     
   39.9000000000000        125.298707327989        76.8943477226816     
   40.0000000000000        125.805303807672        76.0991896141955     
   40.1000000000000        124.883817665290        76.7395599076026     
   40.2000000000000        125.154946028762        76.7369406872149     
   40.3000000000000        124.783014235876        76.6799448641947     
   40.4000000000000        123.301959425386        76.5560886384376     
   40.5000000000000        124.266541523456        76.8909131760251     
   40.6000000000000        124.915862376349        76.8592051510848     
   40.7000000000000        125.802255477840        77.3501277165600     
   40.8000000000000        124.316826313713        76.8605702953966     
   40.9000000000000        124.182799605198        76.4740886577494     
   41.0000000000000        124.151581376017        76.6234740746191     
   41.1000000000000        123.840940581300        76.5202530968304     
   41.2000000000000        123.753530157278        75.4715223886625     
   41.3000000000000        123.142652956682        76.2680865113948     
   41.4000000000000        122.893382530969        76.2087533722434     
   41.5000000000000        121.991036273683        76.3754378502784     
   41.6000000000000        122.676557775249        76.9024731692092     
   41.7000000000000        123.391545829178        77.4130926873975     
   41.8000000000000        122.902389147512        76.6070507624250     
   41.9000000000000        122.999304601411        77.1874347407606     
   42.0000000000000        123.303558257538        76.6517095082691     
   42.1000000000000        123.989814704200        76.0652042539982     
   42.2000000000000        123.256533562207        76.4035980640576     
   42.3000000000000        122.876415939969        76.6654166405597     
   42.4000000000000        121.649351140710        77.9013076779623     
   42.5000000000000        122.129694764256        76.2006189100087     
   42.6000000000000        122.657737878506        76.1606014549228     
   42.7000000000000        122.481552217638        78.6664375570259     
   42.8000000000000        122.533448156189        79.0732186689525     
   42.9000000000000        121.202647717425        78.1018862103373     
   43.0000000000000        123.468486615567        77.2396200267935     
   43.1000000000000        123.401314636261        76.5156418447195     
   43.2000000000000        122.174588893645        76.5168868978268     
   43.3000000000000        121.705425892135        76.2565109476607     
   43.4000000000000        121.278626684707        76.8635993778302     
   43.5000000000000        121.385189587151        76.8854855639651     
   43.6000000000000        121.588120673661        77.0155137133376     
   43.7000000000000        119.862779428923        76.8166261937871     
   43.8000000000000        121.565610537319        76.5726661349416     
   43.9000000000000        121.771511527459        77.3152438147240     
   44.0000000000000        121.043441913330        76.8957171899255     
   44.1000000000000        121.579226503532        76.8861092520083     
   44.2000000000000        120.381287062900        76.0167801891966     
   44.3000000000000        120.664687177359        75.6772128484592     
   44.4000000000000        120.623185235532        77.4118416045013     
   44.5000000000000        120.568815730661        77.4498583065612     
   44.6000000000000        120.967617773158        77.5958237388033     
   44.7000000000000        120.866093651496        78.5257310771130     
   44.8000000000000        121.257623669696        77.7752653938634     
   44.9000000000000        120.383377510509        78.3005012245792     
   45.0000000000000        120.293746669233        76.5732166887063     
   45.1000000000000        120.232941916442        76.4695375060763     
   45.2000000000000        118.988000612407        76.7509423969249     
   45.3000000000000        119.187247909073        76.5336885763308     
   45.4000000000000        119.671717610282        76.9178058167805     
   45.5000000000000        120.084693958296        76.7479709617658     
   45.6000000000000        119.461923930502        76.5932237262194     
   45.7000000000000        118.881774587024        75.3958653910538     
   45.8000000000000        119.677648849692        75.9780514355653     
   45.9000000000000        119.135714855600        75.9725557823351     
   46.0000000000000        119.757291188099        76.0694414726352     
   46.1000000000000        119.689019819197        75.3610388012960     
   46.2000000000000        119.473134181078        75.0901961670607     
   46.3000000000000        119.448775179662        75.9372597846531     
   46.4000000000000        119.994721505748        75.6432586654738     
   46.5000000000000        121.048708452791        75.5942544523390     
   46.6000000000000        120.907476535563        74.9167919825595     
   46.7000000000000        119.844777318595        75.2058663233472     
   46.8000000000000        120.168241436523        75.3779275284676     
   46.9000000000000        119.899007871967        74.9600644798189     
   47.0000000000000        120.204752317938        75.6375184379881     
   47.1000000000000        120.845594724726        75.3134693527513     
   47.2000000000000        120.952977703792        74.1755104874261     
   47.3000000000000        120.577733361516        73.7768442379194     
   47.4000000000000        121.530554991521        74.0297315012603     
   47.5000000000000        120.006258569100        74.4689030562346     
   47.6000000000000        120.396299850209        74.8932028845100     
   47.7000000000000        120.147707987728        73.8831816464761     
   47.8000000000000        119.904467921594        73.9798092131355     
   47.9000000000000        119.484444940438        72.8845830226842     
   48.0000000000000        119.455349756586        74.0876647897362     
   48.1000000000000        119.281172335742        73.7295164898421     
   48.2000000000000        119.637206821034        73.9996485744743     
   48.3000000000000        120.147931052286        73.6140623571446     
   48.4000000000000        119.867129718520        73.6894318887535     
   48.5000000000000        120.059705399717        73.5789237865158     
   48.6000000000000        120.202284927818        73.6778887910383     
   48.7000000000000        120.034343901548        73.4547712334283     
   48.8000000000000        119.854365701998        73.6482533876640     
   48.9000000000000        119.649310456429        72.9814120903831     
   49.0000000000000        121.047246414729        74.0859183304952     
   49.1000000000000        121.378747462641        72.1984249028068     
   49.2000000000000        119.700018047370        71.1854806326370     
   49.3000000000000        120.034600376008        72.6671014160250     
   49.4000000000000        120.052001731816        72.6623964646412     
   49.5000000000000        120.371704409739        72.6036895596783     
   49.6000000000000        120.131794785241        73.0609598020124     
   49.7000000000000        121.027516957511        72.1578693971655     
   49.8000000000000        120.924351775811        72.4040374602671     
   49.9000000000000        120.260369422112        72.2704587389265     
   50.0000000000000        119.970121226167        72.0463251795849     
   50.1000000000000        119.783737565369        71.6412900798274     
   50.2000000000000        119.704089703496        71.7585385963552     
   50.3000000000000        119.092389985327        71.6449380041244     
   50.4000000000000        119.459302095917        71.9264034919909     
   50.5000000000000        119.785678580004        71.7341119733296     
   50.6000000000000        120.264261328544        72.1617808313652     
   50.7000000000000        120.524244792853        72.1138480263600     
   50.8000000000000        120.000895023578        71.1911965473842     
   50.9000000000000        120.010927144781        70.6614950219471     
   51.0000000000000        121.001717441378        70.0419764117445     
   51.1000000000000        120.548189630503        70.8223420009815     
   51.2000000000000        120.093947370245        70.7370329174990     
   51.3000000000000        120.341597139047        70.7385314099647     
   51.4000000000000        120.918541268870        69.9090911873852     
   51.5000000000000        119.987443511408        69.8043701811006     
   51.6000000000000        120.040189556683        70.4553736683881     
   51.7000000000000        120.249315667669        69.8733330664202     
   51.8000000000000        121.089820229760        70.8784155644765     
   51.9000000000000        120.270845808501        70.3698708839653     
   52.0000000000000        120.366043855433        69.6386572560684     
   52.1000000000000        119.754687881011        69.8919227074139     
   52.2000000000000        119.905948511799        70.4739649093139     
   52.3000000000000        120.843194733811        70.1682650118744     
   52.4000000000000        119.637791981765        70.3572964400796     
   52.5000000000000        119.784340166371        69.5740731910744     
   52.6000000000000        119.992644534389        69.5571635837877     
   52.7000000000000        120.362499056900        70.0555660130183     
   52.8000000000000        119.968412112766        69.1383259325075     
   52.9000000000000        120.067876245048        69.0923166281033     
   53.0000000000000        120.536048297859        68.7997946333554     
   53.1000000000000        118.213949730200        69.0577080101096     
   53.2000000000000        119.102418717385        67.8072405519399     
   53.3000000000000        119.035572031247        69.1284955651167     
   53.4000000000000        120.207461125330        68.6124380303320     
   53.5000000000000        120.378396762846        68.4686063692507     
   53.6000000000000        120.009679000525        68.4175415618216     
   53.7000000000000        119.125782905093        68.8866270610593     
   53.8000000000000        119.280649275976        68.5277004639074     
   53.9000000000000        120.735512913601        67.7008413188301     
   54.0000000000000        121.304952486611        68.9446121617797     
   54.1000000000000        120.828703948319        67.2736997120567     
   54.2000000000000        121.002205587665        67.3523937053432     
   54.3000000000000        119.877315506287        67.4039717156728     
   54.4000000000000        120.954709520883        68.3219521481330     
   54.5000000000000        120.247146777524        68.5092054515327     
   54.6000000000000        120.400424626364        67.4289439980898     
   54.7000000000000        120.034287655772        66.0123085793382     
   54.8000000000000        118.820992095847        66.0347215703167     
   54.9000000000000        120.840213881544        67.2956151265235     
   55.0000000000000        121.498966819868        67.6829658916450     
   55.1000000000000        120.927967829654        66.9296551342449     
   55.2000000000000        120.412079135032        66.9290671128831     
   55.3000000000000        121.328928382406        66.3286476282850     
   55.4000000000000        119.801512234951        66.8031258090382     
   55.5000000000000        119.052358698910        67.0488281512039     
   55.6000000000000        119.714964424595        66.5956344066822     
   55.7000000000000        119.674563001086        65.8762052093881     
   55.8000000000000        118.934325482648        66.7033343530601     
   55.9000000000000        119.101963725429        64.9087947700527     
   56.0000000000000        119.951916264501        65.2496740744758     
   56.1000000000000        118.883442275136        66.9798753108927     
   56.2000000000000        120.027929802933        65.9339941250145     
   56.3000000000000        119.116820016611        66.3940789785480     
   56.4000000000000        119.963514727840        65.5878620858655     
   56.5000000000000        119.520531895882        66.1392672450416     
   56.6000000000000        120.013609578197        65.5368905042467     
   56.7000000000000        119.919622130701        65.2925208305686     
   56.8000000000000        120.621432008860        65.6323274683197     
   56.9000000000000        119.037541012874        65.2688030348724     
   57.0000000000000        119.338944689336        64.1171225424625     
   57.1000000000000        119.579827576865        64.6618751717025     
   57.2000000000000        119.318178571412        64.7617321815664     
   57.3000000000000        120.080229845833        65.0508200222718     
   57.4000000000000        119.468849327488        65.0704067661168     
   57.5000000000000        120.019509241017        64.6081172461010     
   57.6000000000000        120.304690781336        64.2988873237715     
   57.7000000000000        120.054826400363        64.9353658020636     
   57.8000000000000        119.187978993804        66.3379774376309     
   57.9000000000000        120.717599625590        63.6335475126422     
   58.0000000000000        121.332694585485        64.2851706926313     
   58.1000000000000        120.233397963083        64.8339829393649     
   58.2000000000000        121.094249655775        64.7276687170791     
   58.3000000000000        120.546122979507        63.8016388163948     
   58.4000000000000        122.623297953698        64.1679115180503     
   58.5000000000000        120.803010996701        61.3355316139952     
   58.6000000000000        120.522935914944        62.3564929741307     
   58.7000000000000        120.389495600815        63.5418096855677     
   58.8000000000000        119.475216754163        62.7711328465572     
   58.9000000000000        119.576867621441        62.4467357074818     
   59.0000000000000        119.956872260534        63.2844885382414     
   59.1000000000000        120.319780580201        63.6195074880960     
   59.2000000000000        120.449646680625        62.2860498565831     
   59.3000000000000        119.983061491934        62.8272143532342     
   59.4000000000000        120.255039154832        62.6905565083806     
   59.5000000000000        120.355696098233        63.0130958669387     
   59.6000000000000        119.822349906998        62.1352938278468     
   59.7000000000000        120.063093645063        61.4768849451444     
   59.8000000000000        120.785844234210        61.9611532315330     
   59.9000000000000        119.823034416599        62.5302325819576     
   60.0000000000000        120.563259441221        62.4047225987676     
   60.1000000000000        121.108046925331        61.8424163658122     
   60.2000000000000        120.002225631976        61.9476095999711     
   60.3000000000000        119.212223338072        61.6608979937720     
   60.4000000000000        122.132753154454        62.0138000982491     
   60.5000000000000        120.451039856649        63.5032302710989     
   60.6000000000000        120.858407521823        61.4813596730981     
   60.7000000000000        120.409570647777        62.3856060374567     
   60.8000000000000        119.971369737607        61.3675983550754     
   60.9000000000000        120.204641232220        61.3014861685224     
   61.0000000000000        120.275026183128        61.3477851123055     
   61.1000000000000        119.806298599030        60.5088143111271     
   61.2000000000000        119.492024203758        61.7122969355210     
   61.3000000000000        120.228256345025        60.5206546615182     
   61.4000000000000        118.741076330928        61.3234510333751     
   61.5000000000000        118.925910834349        59.8366043892184     
   61.6000000000000        120.030569760568        60.5917061270745     
   61.7000000000000        120.192989658143        60.3444381682796     
   61.8000000000000        119.892359586328        60.2235226497221     
   61.9000000000000        119.758541368195        61.0028467074592     
   62.0000000000000        121.379390230246        61.1744752857390     
   62.1000000000000        121.384161161442        59.9739399002900     
   62.2000000000000        120.337970436958        59.7552253385348     
   62.3000000000000        120.934123224550        61.7861052798496     
   62.4000000000000        119.467852212427        61.6622138223542     
   62.5000000000000        121.620184528112        60.2031096520587     
   62.6000000000000        119.431526760353        59.3864711802750     
   62.7000000000000        120.001472099819        59.5001507388111     
   62.8000000000000        118.957503877777        60.3262958818316     
   62.9000000000000        119.632055884251        59.6762649504491     
   63.0000000000000        119.878978012019        59.0375238170991     
   63.1000000000000        119.406167658423        60.1264179812861     
   63.2000000000000        119.650573737305        59.0855804108385     
   63.3000000000000        120.048136041909        59.2224715908292     
   63.4000000000000        120.007280617600        58.4557587693541     
   63.5000000000000        119.892315093965        58.6913791757804     
   63.6000000000000        119.749953063702        58.9830825143716     
   63.7000000000000        119.491471060016        58.7000553635185     
   63.8000000000000        120.153942476161        58.0985044810765     
   63.9000000000000        120.006204681724        58.3365125287092     
   64.0000000000000        120.858510979230        57.3855661564996     
   64.1000000000000        119.735030365805        58.2986695616804     
   64.2000000000000        119.025760328667        57.8362405039757     
   64.3000000000000        121.521208795771        56.9628254158876     
   64.4000000000000        120.029032587581        57.7548798855284     
   64.5000000000000        120.160428035206        57.6887499987439     
   64.6000000000000        119.989910592918        57.7064131203968     
   64.7000000000000        120.023043793006        57.5887261059201     
   64.8000000000000        119.792609551638        57.2645108985352     
   64.9000000000000        120.529789882682        57.6089747933083     
   65.0000000000000        120.734884888391        58.1039588512252     
   65.1000000000000        120.425713061648        57.7076072367404     
   65.2000000000000        119.826512811106        57.5424558261229     
   65.3000000000000        120.942903245469        56.8786022314777     
   65.4000000000000        120.077104703284        57.0403585922001     
   65.5000000000000        119.930628377055        56.9245247379577     
   65.6000000000000        120.116709647249        56.9516400567629     
   65.7000000000000        120.354912858238        56.7715864654664     
   65.8000000000000        120.835289207712        57.8803293345513     
   65.9000000000000        120.921202586609        57.4142355621894     
   66.0000000000000        120.576266050643        57.4334142289601     
   66.1000000000000        120.419236512248        56.7138466082937     
   66.2000000000000        119.838675162152        56.2538293659271     
   66.3000000000000        119.664345204310        57.5629284487741     
   66.4000000000000        120.575959186674        57.1569303798243     
   66.5000000000000        121.106203425867        57.0867908960044     
   66.6000000000000        121.723277472973        56.4223321643021     
   66.7000000000000        120.999870667668        57.9413466460831     
   66.8000000000000        121.383060743061        56.9129600465843     
   66.9000000000000        120.453472828269        55.0484612225334     
   67.0000000000000        122.558963334436        56.9529521699946     
   67.1000000000000        121.688223031036        57.1826795379253     
   67.2000000000000        122.187931769216        56.8631905921938     
   67.3000000000000        121.704580902911        56.3790254943223     
   67.4000000000000        121.751909317616        57.0642405676235     
   67.5000000000000        121.821942774560        56.8346463210240     
   67.6000000000000        122.415671607513        56.7047141386780     
   67.7000000000000        122.481031602058        57.3104978837733     
   67.8000000000000        122.279100890034        57.0153527018302     
   67.9000000000000        123.311967004348        57.4264582466846     
   68.0000000000000        122.740518119236        57.3764416401763     
   68.1000000000000        122.596873212956        56.9404953822766     
   68.2000000000000        122.108271483849        55.9970157082500     
   68.3000000000000        122.452312156235        57.1214352206418     
   68.4000000000000        122.338816255042        57.9136832949621     
   68.5000000000000        124.445247571306        56.5400908188489     
   68.6000000000000        122.792065447733        55.5582696564057     
   68.7000000000000        124.650212765301        55.4592208563888     
   68.8000000000000        124.059233325155        56.3451984516525     
   68.9000000000000        123.238690696498        56.0158926145159     
   69.0000000000000        123.882601169894        56.0035777077228     
   69.1000000000000        122.968905921008        56.7839878406822     
   69.2000000000000        122.682187062270        57.1388834866190     
   69.3000000000000        123.173521242701        56.1819563610675     
   69.4000000000000        123.104053190511        55.4919941896282     
   69.5000000000000        123.636286194929        55.6028423935939     
   69.6000000000000        122.153760280846        57.0749268869430     
   69.7000000000000        123.523249470306        56.8730293743743     
   69.8000000000000        123.727673005178        57.0918337782586     
   69.9000000000000        123.867646079700        57.0014305026889     
   70.0000000000000        124.238279260929        57.0064428440337     
   70.1000000000000        124.326866613242        56.9710873715510     
   70.2000000000000        123.884665531249        56.7700013386370     
   70.3000000000000        124.836979197231        56.7908748406098     
   70.4000000000000        124.300065474379        57.8820827261368     
   70.5000000000000        123.807783433892        56.9882197111586     
   70.6000000000000        124.786302165001        57.0230861277502     
   70.7000000000000        123.973681584583        56.3021562351694     
   70.8000000000000        124.054784920845        55.6211319335856     
   70.9000000000000        124.129052664908        58.1847871646682     
   71.0000000000000        125.102869434051        56.9564232340929     
   71.1000000000000        125.165671887541        56.9621970105205     
   71.2000000000000        125.818819232678        56.0398173016117     
   71.3000000000000        125.468571742098        57.1505099982669     
   71.4000000000000        124.932970630975        57.7063494821402     
   71.5000000000000        125.007089102387        58.2277296451618     
   71.6000000000000        125.859449303502        56.6998297481292     
   71.7000000000000        125.710871274026        56.6108546499883     
   71.8000000000000        126.948446011384        57.0396572731284     
   71.9000000000000        126.485683318303        56.5337974625544     
   72.0000000000000        126.573749608162        56.4792975028941     
   72.1000000000000        125.863048291023        57.0946786728469     
   72.2000000000000        126.532081789954        57.3293556490368     
   72.3000000000000        126.727853415810        56.6242976480682     
   72.4000000000000        126.377252235057        56.9307459784767     
   72.5000000000000        126.217096344608        56.8594486454237     
   72.6000000000000        126.486578299400        57.3213915754297     
   72.7000000000000        126.787190176569        58.0485004409849     
   72.8000000000000        126.501399895746        56.7681193851326     
   72.9000000000000        127.068290615690        56.9343726264842     
   73.0000000000000        127.085629342793        56.5226215967874     
   73.1000000000000        125.465074477403        57.2876858286008     
   73.2000000000000        125.641375933308        57.0259323201530     
   73.3000000000000        127.145325505413        56.8536890761137     
   73.4000000000000        127.794885364522        57.3551994721597     
   73.5000000000000        127.281760000101        56.5509399276141     
   73.6000000000000        127.768113111911        57.2921768976839     
   73.7000000000000        127.512051411417        57.2965274569926     
   73.8000000000000        127.830325221215        56.2587687197121     
   73.9000000000000        127.931755267484        57.4707477459187     
   74.0000000000000        127.839903062034        57.4811715217271     
   74.1000000000000        129.890518616441        57.6514759535590     
   74.2000000000000        129.187644771848        59.3532475325840     
   74.3000000000000        129.861607339352        57.0891189503487     
   74.4000000000000        129.290679889407        56.0081675619918     
   74.5000000000000        128.629824989652        57.7421732546360     
   74.6000000000000        128.279006162687        56.7738745692434     
   74.7000000000000        128.457779168109        56.8998107388741     
   74.8000000000000        128.269225963172        56.5553583066837     
   74.9000000000000        128.500829798055        57.2961786998666     
   75.0000000000000        128.376697822185        57.2466354650351     
   75.1000000000000        128.828214608394        57.0469214387915     
   75.2000000000000        128.748323929552        56.7956875078963     
   75.3000000000000        128.397400498100        58.0436274832431     
   75.4000000000000        129.113791518500        56.8912802942763     
   75.5000000000000        129.964705867136        56.1815409933353     
   75.6000000000000        128.233554621072        56.2610068604251     
   75.7000000000000        128.749648940524        57.0290113896489     
   75.8000000000000        129.119867180546        57.6593338049983     
   75.9000000000000        128.908243038631        57.0589809494511     
   76.0000000000000        130.300908492629        56.5882412921388     
   76.1000000000000        129.466752781191        55.8844035844916     
   76.2000000000000        129.692875755325        56.4455286340260     
   76.3000000000000        130.454883527951        56.1175936645852     
   76.4000000000000        130.210638843896        56.5135012427168     
   76.5000000000000        130.790281308684        58.0916533230431     
   76.6000000000000        130.515701901655        56.8444473810417     
   76.7000000000000        131.189090161695        57.2053274430904     
   76.8000000000000        130.395127931876        56.8246941750168     
   76.9000000000000        129.686972399530        57.3076505376726     
   77.0000000000000        130.515524672018        57.0400180774720     
   77.1000000000000        130.481050236260        56.9782263552142     
   77.2000000000000        131.104903754342        56.6882956199540     
   77.3000000000000        131.284655824927        56.6036118704183     
   77.4000000000000        132.642214965573        56.6013677487463     
   77.5000000000000        131.298297419784        57.8725772297070     
   77.6000000000000        131.541359101898        57.3316441314206     
   77.7000000000000        131.572144036922        58.7671860390230     
   77.8000000000000        130.340729670911        58.0940767263009     
   77.9000000000000        131.878204779533        58.4375936563305     
   78.0000000000000        131.138657263532        57.7420682977725     
   78.1000000000000        131.451649376037        57.3203480741795     
   78.2000000000000        131.757065876831        56.5379673545594     
   78.3000000000000        132.022770041990        56.0992407753469     
   78.4000000000000        132.321285735840        57.1159116917772     
   78.5000000000000        131.888253199689        58.5940290404015     
   78.6000000000000        132.529878639594        57.1676318908381     
   78.7000000000000        131.930762456244        56.4358651403776     
   78.8000000000000        132.473681705393        55.9998015543856     
   78.9000000000000        132.722316487061        57.5073680566724     
   79.0000000000000        132.827775306099        55.2066987123649     
   79.1000000000000        132.068012076287        55.1462900717939     
   79.2000000000000        132.055742170539        55.4503822305927     
   79.3000000000000        131.864633236418        57.2852488529510     
   79.4000000000000        132.761977238260        57.0759282788188     
   79.5000000000000        132.784175558995        56.2148885420829     
   79.6000000000000        132.794062543859        58.5644387240278     
   79.7000000000000        132.809225598815        57.9686660216726     
   79.8000000000000        134.204586949603        57.0717866646720     
   79.9000000000000        133.711794768780        56.7311804023419     
   80.0000000000000        132.079469574156        56.3334495363969     
   80.1000000000000        132.312770255349        57.4452119647240     
   80.2000000000000        131.954206660964        56.5925516095729     
   80.3000000000000        132.423537796554        57.2693632178890     
   80.4000000000000        132.785622763545        56.7587180978273     
   80.5000000000000        134.183495589382        57.4951870897492     
   80.6000000000000        133.875763176528        57.8196531241789     
   80.7000000000000        133.518357327649        57.1413588817362     
   80.8000000000000        133.938140026690        56.6862959027991     
   80.9000000000000        133.820607321088        58.2336910692579     
   81.0000000000000        135.510901813313        57.0624499202097     
   81.1000000000000        134.459676097195        57.0134967855451     
   81.2000000000000        133.614302621757        57.9488267863403     
   81.3000000000000        133.478741711638        56.6811129174503     
   81.4000000000000        133.433499052700        58.2471258634034     
   81.5000000000000        132.622026549035        57.6914276230050     
   81.6000000000000        133.685094260819        58.2987978610906     
   81.7000000000000        133.716910908776        58.2947642850020     
   81.8000000000000        134.099358997579        56.9108947371537     
   81.9000000000000        133.611453763730        58.4715560332804     
   82.0000000000000        132.111009445498        58.3498928590068     
   82.1000000000000        133.485757110699        58.7078275405140     
   82.2000000000000        133.636353113715        60.2843657559889     
   82.3000000000000        133.475806360859        60.0531452848142     
   82.4000000000000        133.552429822584        59.1771674595395     
   82.5000000000000        133.514173699305        59.2692542940375     
   82.6000000000000        134.059979935038        59.7223485116756     
   82.7000000000000        134.034998326081        59.2944701115932     
   82.8000000000000        133.760135796374        60.0418175140424     
   82.9000000000000        134.194138797060        59.9956508139626     
   83.0000000000000        135.164020396945        58.8395099506514     
   83.1000000000000        133.947490649125        58.4786177020960     
   83.2000000000000        134.824293733487        58.3708675026985     
   83.3000000000000        134.015819115955        59.3947444906400     
   83.4000000000000        133.175464727084        60.6419880758595     
   83.5000000000000        133.709464006225        59.5807534945081     
   83.6000000000000        134.050044259999        60.3589639544456     
   83.7000000000000        135.248426865910        59.2700978593828     
   83.8000000000000        134.504290654041        60.4915292161335     
   83.9000000000000        134.189499776616        60.1759733587261     
   84.0000000000000        133.926979059678        61.0182060210604     
   84.1000000000000        133.998127506707        60.9002276348671     
   84.2000000000000        134.399797490628        60.7601250993149     
   84.3000000000000        133.896290727224        60.4393706544124     
   84.4000000000000        134.584429383709        62.1978120884661     
   84.5000000000000        134.005588851442        63.1126342138704     
   84.6000000000000        135.515022546424        61.2555800437387     
   84.7000000000000        133.854670970121        61.4450930733573     
   84.8000000000000        134.371285491996        61.4752264587591     
   84.9000000000000        134.584768222506        62.0779451534544     
   85.0000000000000        134.016968811199        61.9787924982733     
   85.1000000000000        134.494029091798        61.6639224899989     
   85.2000000000000        133.911047215006        62.1538915683612     
   85.3000000000000        134.553339166069        62.7768356813101     
   85.4000000000000        134.550762879543        62.1095045528639     
   85.5000000000000        134.715189279283        61.0670692334628     
   85.6000000000000        134.247369076619        61.5764422683481     
   85.7000000000000        134.667978946374        61.9441021625897     
   85.8000000000000        135.176332733861        63.0533357122272     
   85.9000000000000        134.458592877337        63.2299042481369     
   86.0000000000000        133.785697031884        63.9042293147427     
   86.1000000000000        134.398557724305        62.9948670090182     
   86.2000000000000        133.586131108349        60.9168025817980     
   86.3000000000000        134.996520259716        61.8971441233487     
   86.4000000000000        134.560260711648        62.4805006866927     
   86.5000000000000        134.922817888610        61.8035966258056     
   86.6000000000000        135.224980245623        62.5449799776647     
   86.7000000000000        133.679887231828        62.8259608942027     
   86.8000000000000        134.732864407738        62.6272320623351     
   86.9000000000000        134.913986513884        63.4833949188064     
   87.0000000000000        135.320691088298        64.3567826762285     
   87.1000000000000        134.837391409329        63.5961407483196     
   87.2000000000000        134.716003278091        63.5162449902915     
   87.3000000000000        135.167282041680        63.1573966336159     
   87.4000000000000        135.428233146742        64.0982005486485     
   87.5000000000000        135.154141430287        64.3080522312824     
   87.6000000000000        135.538189045936        63.5669200103014     
   87.7000000000000        134.708392241300        64.4836064611984     
   87.8000000000000        133.981742245768        64.5176706590437     
   87.9000000000000        134.729258957625        65.5446062449457     
   88.0000000000000        135.535235096729        66.5663069893997     
   88.1000000000000        136.314918273118        65.5695852891166     
   88.2000000000000        134.783707504213        66.0427429949255     
   88.3000000000000        135.365178354022        64.9631674521186     
   88.4000000000000        135.289793493190        64.9161325413386     
   88.5000000000000        135.148180548127        64.8184726224972     
   88.6000000000000        135.025882381787        64.6766530636770     
   88.7000000000000        134.895091397422        65.5614223615757     
   88.8000000000000        134.546648889931        65.8411359273901     
   88.9000000000000        134.825070650840        67.0191942875375     
   89.0000000000000        135.151286715998        66.4874252959399     
   89.1000000000000        135.303020152753        66.0288819613654     
   89.2000000000000        135.088841549125        65.1138654264268     
   89.3000000000000        135.037276389499        66.2530821560992     
   89.4000000000000        135.692489483503        65.8649186896251     
   89.5000000000000        135.282699322287        66.0502776589875     
   89.6000000000000        135.683126667579        64.9732882327170     
   89.7000000000000        135.054466311590        65.9569120814589     
   89.8000000000000        135.061716473393        65.6699228210081     
   89.9000000000000        135.090111793337        67.0102185401511     
   90.0000000000000        135.166232736834        67.3390148248979     
   90.1000000000000        135.595498321380        66.5910855294791     
   90.2000000000000        136.536865422374        67.0880937577395     
   90.3000000000000        135.444173949914        66.8962920860843     
   90.4000000000000        134.953044405285        66.2794420608221     
   90.5000000000000        135.704547680861        65.3246658790193     
   90.6000000000000        136.097877828116        67.0326933365284     
   90.7000000000000        136.026839085521        66.6490246714485     
   90.8000000000000        135.953254483816        67.1596578183151     
   90.9000000000000        136.205575255754        67.3137869683832     
   91.0000000000000        136.828621943943        67.7108532269239     
   91.1000000000000        137.174473892181        66.9838766915640     
   91.2000000000000        136.724382326341        68.3759010617912     
   91.3000000000000        137.200096547404        68.0186919966613     
   91.4000000000000        136.020609832715        69.8183032004181     
   91.5000000000000        136.643319756171        67.9951755323685     
   91.6000000000000        135.787877143468        68.0960825008912     
   91.7000000000000        135.866663022076        68.8651080407100     
   91.8000000000000        136.512855240254        68.3914437550698     
   91.9000000000000        136.257071562497        68.1547177467324     
   92.0000000000000        135.697166717367        69.1770622897133     
   92.1000000000000        136.452520797628        68.6152474580743     
   92.2000000000000        136.436993458575        68.5814422262030     
   92.3000000000000        136.899051222510        69.1821231322853     
   92.4000000000000        136.569698052885        71.5088966538258     
   92.5000000000000        137.870641502069        70.7965547739624     
   92.6000000000000        137.925349737339        70.0061660228003     
   92.7000000000000        135.141419584174        69.1765351069879     
   92.8000000000000        136.871139730824        69.0847658382167     
   92.9000000000000        136.369535289189        70.0188895306208     
   93.0000000000000        135.295094984831        69.0580138330765     
   93.1000000000000        136.655048361982        69.3847411314131     
   93.2000000000000        136.582953516201        69.9018562412474     
   93.3000000000000        136.837629697115        70.1044269644138     
   93.4000000000000        136.045666146718        69.6165211494005     
   93.5000000000000        136.753205480487        69.5540782871516     
   93.6000000000000        136.894600249626        69.5841331638222     
   93.7000000000000        138.096903078176        70.0381723461975     
   93.8000000000000        136.699951247547        69.7449957628761     
   93.9000000000000        136.876811262852        70.1760908485360     
   94.0000000000000        136.266347252992        70.3909809038230     
   94.1000000000000        136.973941569825        70.5043769095616     
   94.2000000000000        135.644120848286        70.0857397818221     
   94.3000000000000        136.514887087231        70.5408755159673     
   94.4000000000000        136.859626382987        70.1954120971868     
   94.5000000000000        135.708675773484        70.9016468527587     
   94.6000000000000        136.684409274021        71.8864636170208     
   94.7000000000000        137.070872639467        70.7686946731553     
   94.8000000000000        137.836168597295        71.2215607328474     
   94.9000000000000        137.647527687326        70.6343984404537     
   95.0000000000000        137.164709387154        70.8194246661885     
   95.1000000000000        138.412748613512        71.5798082276587     
   95.2000000000000        137.586986817649        70.4337270158050     
   95.3000000000000        138.776704705947        71.8133607368621     
   95.4000000000000        137.415496550351        71.3201044797704     
   95.5000000000000        138.240341478309        71.5212364702267     
   95.6000000000000        137.401670127742        71.8481887777992     
   95.7000000000000        136.747868217647        72.1990920761611     
   95.8000000000000        137.861555424647        71.7393198953480     
   95.9000000000000        138.178268859324        72.7029646107804     
   96.0000000000000        137.770523514525        71.3954222631504     
   96.1000000000000        137.052856151344        73.0789532336106     
   96.2000000000000        136.820411205985        72.6711020410507     
   96.3000000000000        136.617187434218        72.2401441644012     
   96.4000000000000        137.384406862969        73.3700647490781     
   96.5000000000000        137.459533622612        72.7956886371298     
   96.6000000000000        137.981483106956        72.9569670303528     
   96.7000000000000        137.995620471015        74.2937883774198     
   96.8000000000000        136.916946222895        74.0783665298686     
   96.9000000000000        138.595481802174        74.1966499484375     
   97.0000000000000        138.422137197924        74.4167116055553     
   97.1000000000000        138.067435155197        73.4607854666995     
   97.2000000000000        138.352481110374        73.7925289148373     
   97.3000000000000        138.011096501510        73.6418629780687     
   97.4000000000000        137.428357495315        72.8940222491385     
   97.5000000000000        137.183546356130        73.2838316039109     
   97.6000000000000        136.594900168122        74.2431427969282     
   97.7000000000000        138.140900468769        73.9048513562858     
   97.8000000000000        137.530612215799        74.2877106586088     
   97.9000000000000        137.892864996941        74.0537769481815     
   98.0000000000000        138.628571712484        74.5181464160096     
   98.1000000000000        137.968848753672        74.2368969584171     
   98.2000000000000        137.491328202219        74.1771761819843     
   98.3000000000000        138.270266309197        74.5227601742975     
   98.4000000000000        139.078286959617        74.3966066591758     
   98.5000000000000        138.039469661913        74.3974059721738     
   98.6000000000000        138.350133406181        74.6918757446863     
   98.7000000000000        139.023570018625        74.4653413905771     
   98.8000000000000        139.484355331604        75.1363770217263     
   98.9000000000000        138.699272969592        74.7392394987088     
   99.0000000000000        138.819852124488        74.0468710336588     
   99.1000000000000        137.677200253264        74.2692233702617     
   99.2000000000000        138.198853120050        73.8231058695355     
   99.3000000000000        137.908995159824        74.7128183072009     
   99.4000000000000        138.475513950296        75.0685108361977     
   99.5000000000000        138.678696501930        75.8089193833019     
   99.6000000000000        138.714055999263        74.9327774289874     
   99.7000000000000        138.150098321683        75.6690690409495     
   99.8000000000000        137.858705200022        75.7647462081605     
   99.9000000000000        138.564210376623        75.4449996948330     
   100.000000000000        137.549524439905        74.5434802538515     
