1 120 47 130.65 47
2 130.65 47 138.59 47
3 138.59 47 155 47
4 110 57 120 47
5 120 47 120 57
6 130.65 47 133.32 57
7 138.59 47 138.59 57
8 155 47 155 57
9 110 57 120 57
10 120 57 133.32 57
11 133.32 57 138.59 57
12 138.59 57 155 57
13 110 57 110 67
14 120 57 120 67
15 133.32 57 136 67
16 138.59 57 138.59 67
17 155 57 155 67
18 110 67 120 67 
19 120 67 136 67
20 136 67 138.59 67
21 138.59 67 155 67
22 110 67 110 76.66
23 120 67 120 76.66
24 136 67 138.59 76.66
25 138.59 67 138.59 76.66
26 155 67 155 76.66
27 110 76.66 120 76.66
28 120 76.66 138.59 76.66
29 138.59 76.66 155 76.66
30 110 76.66 110 85
31 120 76.66 120 85
32 138.59 76.66 138.59 85
33 138.59 76.66 140.82 85
34 140.82 85 155 76.66
35 110 85 120 85 
36 120 85 138.59 85
37 138.59 85 140.82 85


