   1.00000000000000       0.000000000000000E+000  0.000000000000000E+000  5.000000000000000E-002
   2.00000000000000       4.240240480782130E-002  2.649596321166025E-002  9.898989898989899E-002
   3.00000000000000       0.126350600184922       7.895261765090680E-002  0.146969696969697     
   4.00000000000000       0.250987971892760       0.156834691333666       0.193939393939394     
   5.00000000000000       0.415457905692795       0.259606912275863       0.239898989898990     
   6.00000000000000       0.618903787346483       0.386734008493425       0.284848484848485     
   7.00000000000000       0.860469002615283       0.537680708002277       0.328787878787879     
   8.00000000000000        1.13929693726065       0.711911738818346       0.371717171717172     
   9.00000000000000        1.45453097704405       0.908891828957558       0.413636363636364     
   10.0000000000000        1.80531450772694        1.12808570643584       0.454545454545455     
   11.0000000000000        2.19079091507077        1.36895809926911       0.494444444444444     
   12.0000000000000        2.61010358483700        1.63097373547331       0.533333333333333     
   13.0000000000000        3.06239590278709        1.91359734306435       0.571212121212121     
   14.0000000000000        3.54681125468251        2.21629365005817       0.608080808080808     
   15.0000000000000        4.06249302628470        2.53852738447068       0.643939393939394     
   16.0000000000000        4.60858460335512        2.87976327431782       0.678787878787879     
   17.0000000000000        5.18422937165524        3.23946604761551       0.712626262626263     
   18.0000000000000        5.78857071694651        3.61710043237968       0.745454545454545     
   19.0000000000000        6.42075202499039        4.01213115662625       0.777272727272727     
   20.0000000000000        7.07991668154834        4.42402294837115       0.808080808080808     
   21.0000000000000        7.76520807238182        4.85224053563030       0.837878787878788     
   22.0000000000000        8.47576958325228        5.29624864641964       0.866666666666667     
   23.0000000000000        9.21074459992118        5.75551200875509       0.894444444444445     
   24.0000000000000        9.96927650814999        6.22949535065256       0.921212121212121     
   25.0000000000000        10.7505086937001        6.71766340012800       0.946969696969697     
   26.0000000000000        11.5535845423331        7.21948088519732       0.971717171717172     
   27.0000000000000        12.3776474398104        7.73441253387646       0.995454545454546     
   28.0000000000000        13.2218407718934        8.26192307418133        1.01818181818182     
   29.0000000000000        14.0853079243435        8.80147723412787        1.03989898989899     
   30.0000000000000        14.9671922829224        9.35253974173199        1.06060606060606     
   31.0000000000000        15.8666372333913        9.91457532500964        1.08030303030303     
   32.0000000000000        16.7827861615118        10.4870487119767        1.09898989898990     
   33.0000000000000        17.7147824530453        11.0694246306492        1.11666666666667     
   34.0000000000000        18.6617694937534        11.6611678090429        1.13333333333333     
   35.0000000000000        19.6228906693973        12.2617429751739        1.14898989898990     
   36.0000000000000        20.5972893657387        12.8706148570580        1.16363636363636     
   37.0000000000000        21.5841089685389        13.4872481827112        1.17727272727273     
   38.0000000000000        22.5824928635594        14.1111076801494        1.18989898989899     
   39.0000000000000        23.5915844365617        14.7416580773885        1.20151515151515     
   40.0000000000000        24.6105270733072        15.3783641024444        1.21212121212121     
   41.0000000000000        25.6384641595574        16.0206904833332        1.22171717171717     
   42.0000000000000        26.6745390810738        16.6681019480706        1.23030303030303     
   43.0000000000000        27.7178952236177        17.3200632246727        1.23787878787879     
   44.0000000000000        28.7676759729508        17.9760390411553        1.24444444444444     
   45.0000000000000        29.8230247148343        18.6354941255344        1.25000000000000     
   46.0000000000000        30.8830848350298        19.2978932058259        1.25454545454545     
   47.0000000000000        31.9469997192988        19.9627010100457        1.25808080808081     
   48.0000000000000        33.0139127534027        20.6293822662098        1.26060606060606     
   49.0000000000000        34.0829673231029        21.2974017023341        1.26212121212121     
   50.0000000000000        35.1533068141609        21.9662240464345        1.26262626262626     
   51.0000000000000        36.2240746123382        22.6353140265269        1.26212121212121     
   52.0000000000000        37.2944141033963        23.3041363706273        1.26060606060606     
   53.0000000000000        38.3634686730965        23.9721558067516        1.25808080808081     
   54.0000000000000        39.4303817072004        24.6388370629157        1.25454545454545     
   55.0000000000000        40.4942965914693        25.3036448671355        1.25000000000000     
   56.0000000000000        41.5543567116649        25.9660439474270        1.24444444444444     
   57.0000000000000        42.6097054535484        26.6254990318061        1.23787878787879     
   58.0000000000000        43.6594862028815        27.2814748482888        1.23030303030303     
   59.0000000000000        44.7028423454254        27.9334361248908        1.22171717171717     
   60.0000000000000        45.7389172669418        28.5808475896283        1.21212121212121     
   61.0000000000000        46.7668543531920        29.2231739705170        1.20151515151515     
   62.0000000000000        47.7857969899375        29.8598799955729        1.18989898989899     
   63.0000000000000        48.7948885629398        30.4904303928121        1.17727272727273     
   64.0000000000000        49.7932724579603        31.1142898902502        1.16363636363636     
   65.0000000000000        50.7800920607605        31.7309232159034        1.14898989898990     
   66.0000000000000        51.7544907571019        32.3397950977875        1.13333333333333     
   67.0000000000000        52.7156119327458        32.9403702639185        1.11666666666667     
   68.0000000000000        53.6625989734538        33.5321134423122        1.09898989898990     
   69.0000000000000        54.5945952649874        34.1144893609847        1.08030303030303     
   70.0000000000000        55.5107441931079        34.6869627479518        1.06060606060606     
   71.0000000000000        56.4101891435768        35.2489983312294        1.03989898989899     
   72.0000000000000        57.2920735021556        35.8000608388335        1.01818181818182     
   73.0000000000000        58.1555406546058        36.3396149987801       0.995454545454546     
   74.0000000000000        58.9997339866888        36.8671255390850       0.971717171717172     
   75.0000000000000        59.8237968841661        37.3820571877641       0.946969696969697     
   76.0000000000000        60.6268727327991        37.8838746728334       0.921212121212121     
   77.0000000000000        61.4081049183492        38.3720427223089       0.894444444444445     
   78.0000000000000        62.1666368265780        38.8460260642063       0.866666666666667     
   79.0000000000000        62.9016118432469        39.3052894265418       0.837878787878788     
   80.0000000000000        63.6121733541174        39.7492975373311       0.808080808080808     
   81.0000000000000        64.2974647449508        40.1775151245903       0.777272727272727     
   82.0000000000000        64.9566294015088        40.5894069163352       0.745454545454545     
   83.0000000000000        65.5888107095527        40.9844376405817       0.712626262626263     
   84.0000000000000        66.1931520548439        41.3620720253459       0.678787878787879     
   85.0000000000000        66.7687968231441        41.7217747986436       0.643939393939394     
   86.0000000000000        67.3148884002145        42.0630106884907       0.608080808080808     
   87.0000000000000        67.8305701718167        42.3852444229032       0.571212121212121     
   88.0000000000000        68.3149855237121        42.6879407298971       0.533333333333333     
   89.0000000000000        68.7672778416622        42.9705643374881       0.494444444444444     
   90.0000000000000        69.1865905114284        43.2325799736923       0.454545454545455     
   91.0000000000000        69.5720669187723        43.4734523665256       0.413636363636364     
   92.0000000000000        69.9228504494551        43.6926462440039       0.371717171717172     
   93.0000000000000        70.2380844892385        43.8896263341431       0.328787878787879     
   94.0000000000000        70.5169124238839        44.0638573649591       0.284848484848485     
   95.0000000000000        70.7584776391527        44.2148040644680       0.239898989898990     
   96.0000000000000        70.9619235208064        44.3419311606855       0.193939393939394     
   97.0000000000000        71.1263934546064        44.4447033816277       0.146969696969697     
   98.0000000000000        71.2510308263142        44.5225854553105       9.898989898989904E-002
   99.0000000000000        71.3349790216913        44.5750421097497       5.000000000000004E-002
   100.000000000000        71.3773814264992        44.6015380729614       4.163336342344337E-017
