   1.00000000000000       8.645852533456114E-002  0.257186375843468     
   2.00000000000000        2.42163345918225       -1.70286076117109     
   3.00000000000000        1.50575845382687      -0.615206162479584     
   4.00000000000000      -0.441500420250523       0.534287228160957     
   5.00000000000000        2.24723485713475       0.513940973530692     
   6.00000000000000      -0.711900120765202      -0.759540990128903     
   7.00000000000000      -0.612489490452726        2.19961401798588     
   8.00000000000000      -0.316117084016596      -1.904879674234883E-002
   9.00000000000000        1.30757147314982      -0.284220085689028     
   10.0000000000000        3.95633199457965       -1.49062723372653     
   11.0000000000000        2.34905645583451       0.212337576434021     
   12.0000000000000        2.28090408671391        1.19839855602582     
   13.0000000000000        3.11784797741649        4.93995646425068     
   14.0000000000000        3.26632166130107        1.77642675330713     
   15.0000000000000        6.28483036744057        3.13070784644518     
   16.0000000000000        4.32428684291046        3.07847857385811     
   17.0000000000000        2.94785940800815        2.96172226881682     
   18.0000000000000        5.81319353235176        3.59066580922170     
   19.0000000000000        5.05048636396192        8.64249151924787     
   20.0000000000000        5.71644062445800        5.88384838886380     
   21.0000000000000        7.77621395814403        4.78164179007557     
   22.0000000000000        8.41875561844762        5.00877108362180     
   23.0000000000000        7.70698518009092        6.78186900897983     
   24.0000000000000        4.53675619766614        6.06337266500652     
   25.0000000000000        6.52341315159661        9.03237402990819     
   26.0000000000000        11.1793400387907        7.69207562476034     
   27.0000000000000        12.6067043227213        8.01966274873894     
   28.0000000000000        13.9641781094667        5.25989514552663     
   29.0000000000000        14.1290991578237        8.16520036228246     
   30.0000000000000        15.6287467407634        9.80433327851084     
   31.0000000000000        13.7682287596775        8.09986965444298     
   32.0000000000000        14.4043912552537        12.6932490350804     
   33.0000000000000        17.9108365351362        10.9980298990760     
   34.0000000000000        16.8464970881082        11.3633817085443     
   35.0000000000000        18.7111889796310        13.8389452222690     
   36.0000000000000        20.8876242145908        12.6908679937365     
   37.0000000000000        18.9653846950940        12.4739624462971     
   38.0000000000000        23.0804284938241        14.9005245112167     
   39.0000000000000        23.4647767573515        14.9519641063288     
   40.0000000000000        24.4152289360553        15.8184001532360     
   41.0000000000000        25.0110923232757        15.2974222548364     
   42.0000000000000        26.8353549375387        16.2742491914216     
   43.0000000000000        26.9491512331258        16.1359142207194     
   44.0000000000000        29.8075349074415        11.5680577719564     
   45.0000000000000        24.9426904878138        21.3797225964182     
   46.0000000000000        25.7858655025485        18.2194756459082     
   47.0000000000000        28.5960174889389        11.6400010355661     
   48.0000000000000        33.9665765298648        17.1161109843291     
   49.0000000000000        34.8547021177526        20.3746284985484     
   50.0000000000000        37.0462499051444        19.5713712970004     
   51.0000000000000        36.4164052731531        21.9253715620142     
   52.0000000000000        36.7479545010966        23.3281140177585     
   53.0000000000000        35.0884866508954        23.9015575320073     
   54.0000000000000        38.7492926479950        24.0558110679297     
   55.0000000000000        38.9490338671341        25.9263356508742     
   56.0000000000000        42.7610218714462        25.9565703595660     
   57.0000000000000        42.0336924380211        26.4184048153132     
   58.0000000000000        43.2021993806884        27.4681310367269     
   59.0000000000000        44.9178768966846        29.0481998750505     
   60.0000000000000        44.8527498860586        29.3489483501083     
   61.0000000000000        47.7146561653093        30.9827993233031     
   62.0000000000000        47.8725919728353        29.1703678812711     
   63.0000000000000        46.8668641132647        29.4929036420778     
   64.0000000000000        48.6556940991098        32.4617340359121     
   65.0000000000000        50.0869633327794        32.5884078464524     
   66.0000000000000        50.9785782052798        32.3928323587943     
   67.0000000000000        50.4924511115104        36.5199554798443     
   68.0000000000000        54.5366084077839        35.6087808543231     
   69.0000000000000        53.1941665142504        31.8651379278576     
   70.0000000000000        54.3274872207663        35.1268746457448     
   71.0000000000000        56.9765419868958        36.0895042442841     
   72.0000000000000        58.4126173206758        34.3085972889010     
   73.0000000000000        58.2040996695021        33.5787736506160     
   74.0000000000000        63.6375517678766        34.0959276734840     
   75.0000000000000        61.2810657103338        31.3714345092101     
   76.0000000000000        61.6002125626050        35.2734569381164     
   77.0000000000000        63.7171086685552        37.6901870462577     
   78.0000000000000        62.3866864004223        38.4741181829521     
   79.0000000000000        61.9413886370071        40.7323210033399     
   80.0000000000000        65.4320736865011        40.5303836895233     
   81.0000000000000        66.4000360073487        46.3894967076150     
   82.0000000000000        65.5009708665929        40.2347117846851     
   83.0000000000000        65.1009744853039        41.2866807850095     
   84.0000000000000        65.8490189030837        43.1854434139397     
   85.0000000000000        68.3901559785502        44.0531524559128     
   86.0000000000000        66.6621298869098        44.7057038282800     
   87.0000000000000        67.3350710492914        42.2763530575367     
   88.0000000000000        68.6899044085093        40.8339726370391     
   89.0000000000000        69.0054405563420        41.4516489774167     
   90.0000000000000        68.4394032766451        42.5168892180949     
   91.0000000000000        67.4711445444937        40.8970257549470     
   92.0000000000000        69.1799112065741        42.0949451082011     
   93.0000000000000        75.4344514428312        44.2398246180847     
   94.0000000000000        70.8988066937004        46.0349868775738     
   95.0000000000000        70.4689075945472        42.4630576107657     
   96.0000000000000        71.2850556735197        44.3373065829862     
   97.0000000000000        71.7609302972453        44.2571335097048     
   98.0000000000000        71.3818162556584        44.5773324563106     
   99.0000000000000        67.1816081267451        43.0942924812598     
   100.000000000000        69.1866104700178        43.0651016776075     
