  0.100000000000000      -0.286346535499225      -0.633623694812367     
  0.200000000000000      -0.386105256656656      -0.297480285757765     
  0.300000000000000      -0.471285838351433        1.27596571441039     
  0.400000000000000      -0.598192988206899      -0.616210798049242     
  0.500000000000000       0.380475055496076       0.165710781788374     
  0.600000000000000       0.521870588567350       0.143471451660706     
  0.700000000000000        1.03378618903058       0.382732288028970     
  0.800000000000000       0.598500949829636       4.781710102057720E-002
  0.900000000000000        1.39360861465576       -1.23361061051303     
   1.00000000000000        1.31710769542451      -0.500732651738048     
   1.10000000000000       0.829673975290134       0.532596812953226     
   1.20000000000000        1.50732452456171       0.748039281552325     
   1.30000000000000        1.21758963472023       0.417839709592223     
   1.40000000000000        1.70752811148794       0.458205356395225     
   1.50000000000000        1.57308118587762       2.235752338864790E-002
   1.60000000000000        1.84368237250308      -0.347709625305669     
   1.70000000000000        1.68994809068940      -0.112530411223459     
   1.80000000000000       0.720640280157889       0.767198423958687     
   1.90000000000000        1.25415502963588      -0.355774329740826     
   2.00000000000000        1.36596477071077      -4.762627558652200E-002
   2.10000000000000        1.95014577383403       5.502970504053156E-002
   2.20000000000000        2.10348218655955       0.178660418110074     
   2.30000000000000        1.96487503650498      -0.296358131577730     
   2.40000000000000        2.46127650365906       0.111429010548064     
   2.50000000000000        3.02236981198248      -0.205997454119576     
   2.60000000000000        2.57461947327424      -0.494047371166437     
   2.70000000000000        2.69919881813561      -0.313533290211065     
   2.80000000000000        2.36538042234098       0.539445100063527     
   2.90000000000000        1.60330551451347       0.375387869247763     
   3.00000000000000        2.48559934660984      -0.131682651575218     
   3.10000000000000        3.18394347965449      -0.546352432381323     
   3.20000000000000        3.20280927037496       0.204033747253318     
   3.30000000000000        3.76406229276140       0.121981662797672     
   3.40000000000000        3.29154936781723       0.271403353490797     
   3.50000000000000        3.24233420565610       0.164841414362962     
   3.60000000000000        4.17293912768799       0.455510480580752     
   3.70000000000000        3.69294184633155      -5.440230148603886E-002
   3.80000000000000        3.49250232950915      -1.473478097643941E-002
   3.90000000000000        3.69245348362508       6.024530794211558E-003
   4.00000000000000        4.22004496720675       0.352364072600858     
   4.10000000000000        3.65800882114981       0.414942828777817     
   4.20000000000000        4.04840131518576      -0.455717525836911     
   4.30000000000000        3.81271872825245      -0.212943841895161     
   4.40000000000000        3.97591964002364       2.487661464267023E-002
   4.50000000000000        4.01758820438008       0.197611731745558     
   4.60000000000000        3.38470128693137       0.296469105249824     
   4.70000000000000        3.80578530355139        1.08742695821915     
   4.80000000000000        4.20717310927501      -0.206317368230749     
   4.90000000000000        3.60349017699806       8.756988247923120E-002
   5.00000000000000        4.92442050343180      -0.249132791731572     
   5.10000000000000        5.19745351489581      -0.548604975921865     
   5.20000000000000        4.87657665867088      -0.130015167324022     
   5.30000000000000        4.65019836645316      -0.111145022090635     
   5.40000000000000        5.72725234727153      -0.300194240072092     
   5.50000000000000        5.58752225148673       -1.48002711599805     
   5.60000000000000        6.91424290747891      -0.151811643805643     
   5.70000000000000        6.63404591683370      -0.301868967887096     
   5.80000000000000        5.77857938196771      -1.893432556638731E-002
   5.90000000000000        5.74683253813762        1.05872567618705     
   6.00000000000000        6.02034343703339       0.865066444046923     
   6.10000000000000        6.16105322335305       0.238845419024921     
   6.20000000000000        5.93851067850542      -5.386857193813719E-002
   6.30000000000000        5.87979008994258      -1.400724681423574E-002
   6.40000000000000        5.68756032127450      -0.898575081206800     
   6.50000000000000        6.21683277634670       9.948844404277447E-002
   6.60000000000000        4.78593453780298        1.48646752994610     
   6.70000000000000        5.13716753310513        1.37081049938565     
   6.80000000000000        8.35661916099524       1.951264931323782E-002
   6.90000000000000        6.54236562769385       0.510461176076884     
   7.00000000000000        6.92262105220436       0.458119878982234     
   7.10000000000000        6.94409158264695      -0.708868287000528     
   7.20000000000000        6.34849319202712       0.784716904933723     
   7.30000000000000        6.88769575550903       8.129615354079767E-002
   7.40000000000000        5.66301637344316      -0.838110545028152     
   7.50000000000000        7.52396551929188       -1.76362188426313     
   7.60000000000000        6.75073731297007      -0.163158175168601     
   7.70000000000000        7.44227747044043       3.134212157532398E-002
   7.80000000000000        7.26547121898413      -0.342019545316207     
   7.90000000000000        7.08911354416897      -0.745764896122096     
   8.00000000000000        6.20119590141816       0.633534317998035     
   8.10000000000000        7.03524902453982      -0.613666257346884     
   8.20000000000000        7.68889150962562       0.668153560776959     
   8.30000000000000        8.08053434968166       9.634562413192417E-002
   8.40000000000000        8.02453511618105       0.454464377236419     
   8.50000000000000        7.26719496771009      -0.663918982597691     
   8.60000000000000        6.95320998474985      -0.447071600679495     
   8.70000000000000        7.88282665589348       0.878729411474481     
   8.80000000000000        8.60401314264966      -9.872917313489092E-002
   8.90000000000000        9.60577415020443      -0.496045291548053     
   9.00000000000000        8.41067616805749       0.387318199919270     
   9.10000000000000        8.54573029138117      -0.248880622143063     
   9.20000000000000        8.52412287020100       -1.31525312447750     
   9.30000000000000        8.47920107635047      -0.240755228242611     
   9.40000000000000        8.03074706255060      -0.179304342725109     
   9.50000000000000        8.95077923410170      -0.240927648783135     
   9.60000000000000        8.33265796524473      -0.157394419778320     
   9.70000000000000        9.92165634059946      -0.204737182305861     
   9.80000000000000        10.7677890705869      -0.656968906467660     
   9.90000000000000        9.18154015591149      -0.284222656136361     
   10.0000000000000        9.35038267766702       0.409030691716310     
   10.1000000000000        9.81952479349546      -5.593171081619011E-002
   10.2000000000000        9.75202457559495      -2.245399019020831E-002
   10.3000000000000        8.95157121544445       0.233578696063085     
   10.4000000000000        9.98168402671240      -0.757014087912023     
   10.5000000000000        10.2149060623200      -0.338196032723096     
   10.6000000000000        10.8183529427713       0.830304451681327     
   10.7000000000000        11.3654484511986       0.201858563739402     
   10.8000000000000        11.7283587726800       0.494841172051172     
   10.9000000000000        10.4852559754774       0.556508236681517     
   11.0000000000000        10.5557373522396       0.259441042900213     
   11.1000000000000        11.0656547337826       7.873032020134241E-002
   11.2000000000000        9.52940518554164       9.325471802850266E-002
   11.3000000000000        9.78263182524113      -0.291584583390374     
   11.4000000000000        10.4898320539407       -1.49916088141837     
   11.5000000000000        10.4461756583216       0.416938850970329     
   11.6000000000000        11.1532967864435       0.333749284954061     
   11.7000000000000        11.4071909763918       0.390531849824166     
   11.8000000000000        11.4027067520902      -8.000071611331167E-002
   11.9000000000000        11.5485152802384      -0.116644820831414     
   12.0000000000000        12.2792663033224      -0.506591339551142     
   12.1000000000000        11.8868928216028      -2.109368203990001E-002
   12.2000000000000        12.6037289405236      -1.676020826695486E-002
   12.3000000000000        12.3935665426980       0.341434839733872     
   12.4000000000000        12.0613011376920      -0.222773248158979     
   12.5000000000000        12.3157100792083      -0.345443285005093     
   12.6000000000000        12.4564383313622      -0.327853915534774     
   12.7000000000000        12.7166813326635      -0.232418184455298     
   12.8000000000000        11.5780520556224      -0.468503307208488     
   12.9000000000000        11.5964770632565       0.137005272979074     
   13.0000000000000        12.5105815747500      -0.423135693389263     
   13.1000000000000        13.8114551323211       0.555241443748089     
   13.2000000000000        13.3991005213660       2.604644021962321E-002
   13.3000000000000        12.5192666393835       0.275675358446121     
   13.4000000000000        12.9306666914475       0.311818966242436     
   13.5000000000000        11.2924996642810       8.556423373398393E-002
   13.6000000000000        12.4981664473566       0.457284319141507     
   13.7000000000000        13.4669173478080       0.432766755208696     
   13.8000000000000        12.6788504498798      -0.914484589472256     
   13.9000000000000        12.9511388736458       0.577415311380593     
   14.0000000000000        13.4648530364890      -0.515025686964091     
   14.1000000000000        13.5891773301388      -0.446464467331686     
   14.2000000000000        13.9856682917594       2.842109590663640E-002
   14.3000000000000        14.1615597274651      -0.166685061078432     
   14.4000000000000        13.9226548374375      -0.171271024655140     
   14.5000000000000        14.1869448201194       0.384674267631836     
   14.6000000000000        13.2358212143044      -0.306224656670232     
   14.7000000000000        13.8487302917813       0.249376947038153     
   14.8000000000000        14.4397073819646       0.785621922702782     
   14.9000000000000        14.8415760901920      -2.984032012396492E-002
   15.0000000000000        14.5507468469680      -0.341071598433983     
   15.1000000000000        15.0168740922075       0.100332222284985     
   15.2000000000000        15.0009264417112       0.479736589829375     
   15.3000000000000        15.1461715273997      -8.021277333645570E-002
   15.4000000000000        15.1194750421140      -3.535099240719737E-002
   15.5000000000000        15.5705969588079      -0.207660159751627     
   15.6000000000000        15.5708146487745      -0.373740166017149     
   15.7000000000000        15.6556932490521      -0.118408283496397     
   15.8000000000000        15.9913044435928       1.376037387031793E-002
   15.9000000000000        16.1846764124591      -0.195230420860150     
   16.0000000000000        15.4411205909417      -9.810369136381447E-002
   16.1000000000000        15.9029782222941      -5.098679017695640E-002
   16.2000000000000        14.9899632861780      -0.960265019845901     
   16.3000000000000        15.0706034363608      -0.351412951227074     
   16.4000000000000        15.0792248936576       0.592617765426723     
   16.5000000000000        16.4092028787112       0.311172057365006     
   16.6000000000000        16.1940054301283       0.179576950649556     
   16.7000000000000        16.4792069248204      -0.842247080819818     
   16.8000000000000        16.3212556659676       0.379812307123365     
   16.9000000000000        16.3259627040645        1.02063064901117     
   17.0000000000000        16.8126354594304       0.642628368014783     
   17.1000000000000        16.3295470554680       0.683012872161147     
   17.2000000000000        16.3859156636412       0.973813465432088     
   17.3000000000000        16.3548713827435        1.04302402446586     
   17.4000000000000        16.8747021031717        1.79278305647288     
   17.5000000000000        15.8794923603122        1.62067309587146     
   17.6000000000000        15.7808909934380        1.48856650014747     
   17.7000000000000        16.2203849474778        1.64925721771243     
   17.8000000000000        16.1038276830604        1.28174242422674     
   17.9000000000000        16.4264349392263        2.72731357591240     
   18.0000000000000        17.6374081150008        1.72917492497114     
   18.1000000000000        16.9076519850635        2.14864593297108     
   18.2000000000000        18.3982076533336        1.81221446590228     
   18.3000000000000        16.3834190788883        1.92605294335219     
   18.4000000000000        16.4160476981869        2.26137289341322     
   18.5000000000000        16.5909790312191        2.21953708651300     
   18.6000000000000        17.0662232688734        2.61781560201669     
   18.7000000000000        15.9080528841198        1.82878040279579     
   18.8000000000000        16.8500451675521        2.82180280613519     
   18.9000000000000        17.1663897497200        3.28398954543567     
   19.0000000000000        16.6983796093571        2.68700625675565     
   19.1000000000000        17.3694630537104        2.84379870486561     
   19.2000000000000        17.3613909167841        3.08827527078508     
   19.3000000000000        16.7426557111891        3.31846776955781     
   19.4000000000000        16.4994334598946        2.17949072464277     
   19.5000000000000        16.1567868881590        2.11419977373436     
   19.6000000000000        16.4910730460858        2.38705035860342     
   19.7000000000000        16.0658894869259        4.05603518621581     
   19.8000000000000        16.4140473005185        3.10193437588926     
   19.9000000000000        16.9119922748814        3.48969638570514     
   20.0000000000000        16.6577735761506        3.49532632229950     
   20.1000000000000        16.8601986878190        3.52429780119392     
   20.2000000000000        16.9656573025126        3.90200483949522     
   20.3000000000000        17.0574327723995        4.11788491251998     
   20.4000000000000        17.1642042603170        4.03818758574609     
   20.5000000000000        17.0040774838963        4.06311184804374     
   20.6000000000000        17.8295142472539        4.65729578531513     
   20.7000000000000        17.2898699397532        4.56176070801804     
   20.8000000000000        17.5207246145458        4.98463846436463     
   20.9000000000000        17.5101122592319        5.15941266117709     
   21.0000000000000        17.0492035692080        5.37955706704576     
   21.1000000000000        16.8457943454114        4.55626280296123     
   21.2000000000000        17.3992000264479        4.66649814744869     
   21.3000000000000        17.1399976603881        3.58897999112343     
   21.4000000000000        17.5237475717097        4.20884204709535     
   21.5000000000000        18.0924558138832        5.48942933648786     
   21.6000000000000        17.4086343695418        5.25330787259610     
   21.7000000000000        17.2830920787445        4.94473509796478     
   21.8000000000000        17.8252574332521        4.95781631333589     
   21.9000000000000        17.3419968890830        5.55482584137503     
   22.0000000000000        17.6266369347127        5.20471420956699     
   22.1000000000000        17.9509789894674        5.02082355267209     
   22.2000000000000        17.7172242914981        5.08023862764788     
   22.3000000000000        17.7713772391855        4.90062023958092     
   22.4000000000000        17.3762288551237        5.91963458793106     
   22.5000000000000        17.3818349667541        6.00185153471651     
   22.6000000000000        17.7484426924837        5.63411353040175     
   22.7000000000000        17.7127408017883        6.22342867414313     
   22.8000000000000        18.4926071079250        7.11169461238652     
   22.9000000000000        18.7106576131112        7.99263711033400     
   23.0000000000000        17.4313031955947        6.83058304774960     
   23.1000000000000        17.4898492049640        7.31414626868601     
   23.2000000000000        17.6365040274334        7.36932867442436     
   23.3000000000000        17.8392694190576        6.59070289009193     
   23.4000000000000        17.4804063041201        6.65226100532765     
   23.5000000000000        17.9975073639701        7.33097569374413     
   23.6000000000000        17.9259666414295        7.37370931756805     
   23.7000000000000        17.5123280684520        7.30397613020212     
   23.8000000000000        18.2044666436932        7.51615635003806     
   23.9000000000000        17.3135382816753        8.11654592560924     
   24.0000000000000        17.5551046370731        7.43523014494490     
   24.1000000000000        17.4173819826718        7.84360665859102     
   24.2000000000000        17.9236124723437        7.30302919817388     
   24.3000000000000        17.4284948229186        7.68604778057718     
   24.4000000000000        18.2837201685122        6.59058726874865     
   24.5000000000000        18.7484941006479        7.14643480322969     
   24.6000000000000        18.9556837384524        7.52606127489006     
   24.7000000000000        17.8602494394525        8.03155120675132     
   24.8000000000000        18.4929146657760        8.15994440998779     
   24.9000000000000        17.8696729903015        8.63612134960364     
   25.0000000000000        17.8029742993439        8.23704365691123     
   25.1000000000000        16.6838641114548        7.83958686169425     
   25.2000000000000        16.1626735835704        8.92453284825883     
   25.3000000000000        17.6139358853118        8.57432360717292     
   25.4000000000000        17.9056886937882        8.98084498035353     
   25.5000000000000        16.5953075868287        8.75962649863905     
   25.6000000000000        16.8486240234251        9.86030748937762     
   25.7000000000000        18.2827727693639        9.35812762732086     
   25.8000000000000        16.9166566595348        9.69651870176735     
   25.9000000000000        16.7554711734917        9.85878128179141     
   26.0000000000000        17.7532205546469        9.84435521576672     
   26.1000000000000        18.6973983530655        11.2132656484134     
   26.2000000000000        17.7024726274065        10.0909046803785     
   26.3000000000000        18.5254050610581        9.40830504642021     
   26.4000000000000        18.6830424926652        9.44500919607686     
   26.5000000000000        18.5085922641957        9.43104038521903     
   26.6000000000000        18.6147618701489        9.79444471220735     
   26.7000000000000        18.6821113965821        9.72024125121461     
   26.8000000000000        18.2437752336013        10.7423368152469     
   26.9000000000000        18.3897506091329        10.3858050878410     
   27.0000000000000        17.2306876455254        10.6735212334094     
   27.1000000000000        18.3036701471276        10.4324390533876     
   27.2000000000000        17.3286684504267        10.1887490204151     
   27.3000000000000        16.8599463339690        9.09905684220937     
   27.4000000000000        16.2623707162245        10.2434906012978     
   27.5000000000000        17.8104927691023        10.0683692384861     
   27.6000000000000        17.7467121250281        10.2484184082367     
   27.7000000000000        17.8005842476824        10.2367315123485     
   27.8000000000000        17.2426372029427        11.0691418259690     
   27.9000000000000        17.5649093434692        10.1738671518098     
   28.0000000000000        16.8709196534321        8.58188428394748     
   28.1000000000000        16.0674567548362        10.7447328570785     
   28.2000000000000        16.9330181068276        10.0029320856233     
   28.3000000000000        16.4184725058625        9.03995523418511     
   28.4000000000000        16.5033829620491        9.91583398553771     
   28.5000000000000        16.6076338465437        9.43763869432849     
   28.6000000000000        17.4909661434056        8.81551448133058     
   28.7000000000000        15.2927366737587        8.63302086560241     
   28.8000000000000        16.0246161314704        9.34615246654498     
   28.9000000000000        15.9549116890810        9.92230527025656     
   29.0000000000000        16.0174833736452        10.5326135976920     
   29.1000000000000        15.8791837254973        9.89410007219580     
   29.2000000000000        14.4029111934169        10.0059734933503     
   29.3000000000000        15.1775802573953        11.1944754552379     
   29.4000000000000        14.8867343775955        10.5051410878066     
   29.5000000000000        15.4212244379201        9.72319911551099     
   29.6000000000000        15.3066104338529        10.0571122978757     
   29.7000000000000        14.9237075785886        10.1855067965497     
   29.8000000000000        15.1426566557068        9.65844177582877     
   29.9000000000000        15.1232063154882        8.14118209327598     
   30.0000000000000        15.1013090195518        8.83171204746444     
   30.1000000000000        14.0842118850993        10.5953258440804     
   30.2000000000000        14.9702537772099        9.87722896494027     
   30.3000000000000        14.8933740504698        9.98905024447229     
   30.4000000000000        14.9102772360818        9.64761571080432     
   30.5000000000000        14.4340516588391        9.41699317288988     
   30.6000000000000        14.2378569280462        9.74789441726868     
   30.7000000000000        14.9875045446525        8.93995530185573     
   30.8000000000000        13.9528631219968        8.56382083729942     
   30.9000000000000        14.4337133473609        9.34789132340626     
   31.0000000000000        13.8638113720117        9.38788929460721     
   31.1000000000000        13.0974512976439        9.27201909489110     
   31.2000000000000        13.8335575939538        9.64670445610387     
   31.3000000000000        13.5419328224981        9.08604220755258     
   31.4000000000000        13.9608914060609        9.78197297079825     
   31.5000000000000        12.8592535499364        9.08247984733721     
   31.6000000000000        12.0613959874198        9.47664965290028     
   31.7000000000000        13.0469703880945        9.68263134154384     
   31.8000000000000        12.9847952023253        9.68035571147025     
   31.9000000000000        11.9373689811919        8.89608843992603     
   32.0000000000000        11.2886049088301        8.74078573249028     
   32.1000000000000        12.7659861612820        9.73546529370918     
   32.2000000000000        13.0737792618749        9.97606960845285     
   32.3000000000000        12.9840105626177        9.54096293439013     
   32.4000000000000        13.7553550909781        9.13803009427166     
   32.5000000000000        14.1293743633349        8.86667044367050     
   32.6000000000000        12.7491445335052        10.2192559005539     
   32.7000000000000        13.1559450715393        9.34803398902152     
   32.8000000000000        12.6033086183371        10.4901218548073     
   32.9000000000000        11.9753967925908        10.0085823459630     
   33.0000000000000        12.2085450677537        9.51621096902848     
   33.1000000000000        11.9892453488835        9.60121195271221     
   33.2000000000000        12.4387395848790        9.85782179475643     
   33.3000000000000        12.2800273935282        9.61357431433821     
   33.4000000000000        11.9473840217982        9.88114061287167     
   33.5000000000000        10.6302109010945        9.33010944857443     
   33.6000000000000        10.8697600415941        10.2848640885750     
   33.7000000000000        11.1073236249011        9.69716541654714     
   33.8000000000000        11.2570095350430        9.64314778749302     
   33.9000000000000        11.9892736072786        9.61610982177000     
   34.0000000000000        10.8250986631703        9.78296650073755     
   34.1000000000000        11.0287255893334        9.32705876469734     
   34.2000000000000        10.4322410211634        10.5910794836124     
   34.3000000000000        10.3693137545581        11.2063657166864     
   34.4000000000000        10.4178724975751        10.0429128642528     
   34.5000000000000        10.8763725852478        9.97821725988854     
   34.6000000000000        11.4306349001747        9.71370093133844     
   34.7000000000000        10.5048350096093        10.3742616849763     
   34.8000000000000        12.3056544806699        9.10515997339955     
   34.9000000000000        10.8782125374748        9.48735437039380     
   35.0000000000000        10.2755465434446        11.1501238198469     
   35.1000000000000        10.9731421570874        9.01950402130422     
   35.2000000000000        10.3303159968033        9.00895341949906     
   35.3000000000000        9.68896810999041        9.08525497970838     
   35.4000000000000        10.1965119366127        9.57127149783218     
   35.5000000000000        8.75719992866205        8.78126130882564     
   35.6000000000000        9.48491661599540        8.68887958279928     
   35.7000000000000        9.99078802216450        8.53466700324281     
   35.8000000000000        8.61282134179879        8.96753706482847     
   35.9000000000000        9.15772022839468        9.60491517507954     
   36.0000000000000        8.85749670662232        9.75358754721424     
   36.1000000000000        7.73272182284537        9.33653807407568     
   36.2000000000000        9.44983652416257        9.37032719362960     
   36.3000000000000        8.76966807974244        9.76128880432463     
   36.4000000000000        7.25937850697686        9.36589844828965     
   36.5000000000000        8.02082794656731        8.82883471297374     
   36.6000000000000        7.69412237517761        7.86287753423591     
   36.7000000000000        8.87604363964939        7.96218176242026     
   36.8000000000000        7.20794533836513        10.1933410098908     
   36.9000000000000        7.95854692856919        10.3272326507239     
   37.0000000000000        6.90968064074314        8.84289702518767     
   37.1000000000000        7.77853224082479        9.65475497801815     
   37.2000000000000        8.26458728568275        8.79882391879722     
   37.3000000000000        7.22428743221818        9.41607047437430     
   37.4000000000000        6.56616177459531        8.13748530951665     
   37.5000000000000        6.33488245767541        9.12035619525946     
   37.6000000000000        7.54737182190042        9.54180246813342     
   37.7000000000000        7.52408808565066        10.5252667249153     
   37.8000000000000        7.35578533588411        9.56439669004997     
   37.9000000000000        7.33971346347853        9.36029030645120     
   38.0000000000000        7.46112758329502        9.61113476249037     
   38.1000000000000        7.63435942615555        8.91334834876707     
   38.2000000000000        7.20684162572277        9.05982119423849     
   38.3000000000000        6.64971925045291        9.52581363609471     
   38.4000000000000        6.53754509959583        9.58351702109124     
   38.5000000000000        5.77452660887958        8.90338118848994     
   38.6000000000000        6.05532010211763        9.83304147170037     
   38.7000000000000        7.88091279719088        9.34033922373284     
   38.8000000000000        6.51482672471414        9.84566832667984     
   38.9000000000000        6.63024904197984        9.23348244148998     
   39.0000000000000        5.23097341062792        9.41726780317192     
   39.1000000000000        5.70140446786055        9.16409843477842     
   39.2000000000000        4.60221245545474        10.2895376738604     
   39.3000000000000        5.38634234047688        10.9336820472495     
   39.4000000000000        5.32315950074406        9.58206063266782     
   39.5000000000000        5.94622326683046        9.50623359889331     
   39.6000000000000        5.57962971592277        9.68330082165135     
   39.7000000000000        5.47382610655740        9.53949072219378     
   39.8000000000000        5.78867535785320        10.0823689592375     
   39.9000000000000        6.58441276158985        8.34637306765467     
   40.0000000000000        5.27943656397698        8.37161234579214     
   40.1000000000000        4.87782014676979        9.07406371329272     
   40.2000000000000        4.31173923982490        9.83301237405228     
   40.3000000000000        5.09431590819752        9.62102670289630     
   40.4000000000000        5.21300130325212        8.42557783714674     
   40.5000000000000        5.77406694377451        8.97442226274893     
   40.6000000000000        5.55200386523726        8.14949253961336     
   40.7000000000000        4.93379608557084        8.77461424090576     
   40.8000000000000        4.71237538441444        9.04744687410615     
   40.9000000000000        4.18569812068273        9.59801013233330     
   41.0000000000000        4.98303665604287        10.3981717012875     
   41.1000000000000        5.36771549576914        10.4306141785262     
   41.2000000000000        4.40991839674991        9.95833017427891     
   41.3000000000000        3.96661018337057        9.65657852226554     
   41.4000000000000        3.38516515097983        10.0673224895320     
   41.5000000000000        3.23131923881118        10.0535782774913     
   41.6000000000000        3.82854700898107        9.95231405850000     
   41.7000000000000        3.99455911883767        9.53062447858609     
   41.8000000000000        3.62126998983036        9.25358538062016     
   41.9000000000000        4.02264317774517        8.66358781520063     
   42.0000000000000        2.94856540531965        8.84817654759297     
   42.1000000000000        3.10382206510790        9.82566787804396     
   42.2000000000000        3.02948934419817        9.67742783434695     
   42.3000000000000        2.90136167129311        9.73158462336564     
   42.4000000000000        2.65512613115270        9.43588754705631     
   42.5000000000000        2.72049994985478        9.70822103124543     
   42.6000000000000        2.60513196756644        10.0786508802387     
   42.7000000000000        3.46853575450043        10.6380304289477     
   42.8000000000000        2.60825729509324        9.62226201710227     
   42.9000000000000        2.57667729921587        9.80237970597766     
   43.0000000000000        3.02818100017166        10.1303732662302     
   43.1000000000000        2.31444326868165        10.2706958309395     
   43.2000000000000        2.02478077194352        9.57533111111058     
   43.3000000000000        1.53846137315957        9.71004606639007     
   43.4000000000000        1.41022488867756        9.96860117045232     
   43.5000000000000        1.97277323482278        9.60289675966976     
   43.6000000000000        2.56335260475619        9.73075927108186     
   43.7000000000000        2.45073079631569        10.4993839127688     
   43.8000000000000        1.93490029339846        9.08146718028797     
   43.9000000000000        3.67569894894024        9.48034148260247     
   44.0000000000000        1.85582597769556        8.01980924518063     
   44.1000000000000        1.29069845240201        9.88569636971507     
   44.2000000000000       0.662642562298902        9.10097928450464     
   44.3000000000000       0.357624456135781        9.73055968840185     
   44.4000000000000      -0.482506520831151        10.5299632464576     
   44.5000000000000       0.493350881370440        9.92916238113874     
   44.6000000000000       0.717380426027852        9.78024452516088     
   44.7000000000000       0.212385542767955        9.39064970636543     
   44.8000000000000       0.366052414507655        10.1258576683022     
   44.9000000000000       0.606871361346287        9.89739461647202     
   45.0000000000000       0.863926717940165        9.38854988874873     
   45.1000000000000        1.86394507815473        10.0427236856942     
   45.2000000000000       9.044477200330608E-003   9.26275543688364     
   45.3000000000000       0.782543552203659        9.45670121253962     
   45.4000000000000       0.922765408577264        9.38677997558912     
   45.5000000000000      -0.437131832278377        10.3760356302192     
   45.6000000000000      -6.593188643343373E-002   9.55534282920568     
   45.7000000000000      -3.059630158169740E-002   9.18061588784973     
   45.8000000000000      -0.183449389904402        9.34643891297502     
   45.9000000000000        1.54324666633771        9.18624180902391     
   46.0000000000000        1.30592428686430        9.88458496259806     
   46.1000000000000       0.281463437754234        9.12657507107627     
   46.2000000000000      -0.404371485127911        8.93127026385879     
   46.3000000000000      -0.272240788334854        8.79720176890659     
   46.4000000000000       0.118475269860104        8.67564422762474     
   46.5000000000000      -0.504395385325833        8.67377796275275     
   46.6000000000000      -0.225375294689916        8.15394939737196     
   46.7000000000000      -0.198723092637371        8.47494068119598     
   46.8000000000000       -1.23306039690773        7.93737734334992     
   46.9000000000000      -0.198573955901716        8.04417721337055     
   47.0000000000000       6.642225951146422E-002   8.00702691330265     
   47.1000000000000       0.282791580974400        7.96996446009769     
   47.2000000000000       0.836677265796641        8.39631572217090     
   47.3000000000000       2.509203818261414E-002   8.37579851273857     
   47.4000000000000        1.09883501386949        7.22468596681184     
   47.5000000000000      -0.530215336289866        8.51893857539847     
   47.6000000000000       -1.25212780176519        7.87762823715308     
   47.7000000000000       -1.18155188372691        6.67921889334263     
   47.8000000000000       0.217918575410437        6.61196311042617     
   47.9000000000000       2.380846518316698E-002   6.42125479796629     
   48.0000000000000       0.112930084233168        6.91811211021234     
   48.1000000000000       0.501040171005254        7.77369582934030     
   48.2000000000000       0.294087288668826        6.46118268656046     
   48.3000000000000       0.825571291192396        5.73580221115640     
   48.4000000000000       0.460685563820244        6.52420988392370     
   48.5000000000000       4.687240775031865E-002   6.49256230387945     
   48.6000000000000      -0.354312120306084        6.76418743224776     
   48.7000000000000      -7.467307704274254E-002   6.24846860400931     
   48.8000000000000      -0.321051875140485        5.49588539568188     
   48.9000000000000       0.453287463768273        6.20049673154128     
   49.0000000000000       0.700073842150364        5.42282292426904     
   49.1000000000000      -0.147574934162499        5.60937432438893     
   49.2000000000000       6.098098476432801E-002   6.03715673157855     
   49.3000000000000       0.353986758485518        6.51698415938091     
   49.4000000000000      -0.177814944348207        6.50875560183744     
   49.5000000000000       0.100635491442591        5.81857721690286     
   49.6000000000000      -0.417074954380322        5.30535127290166     
   49.7000000000000      -0.132734748881603        5.36678144273911     
   49.8000000000000       0.309902796957079        5.32714719229948     
   49.9000000000000        1.34853317758527        3.93416792233657     
   50.0000000000000       0.588038544331042        3.78940139340040     
   50.1000000000000      -0.223916670951886        4.61497093703918     
   50.2000000000000      -0.429944440981575        4.93999731224189     
   50.3000000000000      -0.310034732264545        4.52625324807189     
   50.4000000000000       0.304808269177794        4.75383885577418     
   50.5000000000000       0.272292930445324        4.55855938333060     
   50.6000000000000      -0.927350640666918        4.51258742305132     
   50.7000000000000      -0.160125954911361        3.58450668023438     
   50.8000000000000      -0.910007122822792        5.15502884149780     
   50.9000000000000      -8.549328359317854E-002   4.14664124567584     
   51.0000000000000      -0.764476195473411        3.17429389785243     
   51.1000000000000      -0.471341086199974        3.49278144578510     
   51.2000000000000       0.144370645309373        2.61129869693219     
   51.3000000000000       4.923191881834874E-003   3.26791470261626     
   51.4000000000000       0.130461192184291        4.05267773020501     
   51.5000000000000       0.142060150941784        3.70691682431304     
   51.6000000000000      -0.371887867589634        3.75539908979998     
   51.7000000000000       0.944168858283163        3.17763475464416     
   51.8000000000000       0.262202434715890        3.17066182587653     
   51.9000000000000       -1.68396751393353        2.16043637376669     
   52.0000000000000      -0.789812909122193        2.10092152018816     
   52.1000000000000       -1.48447928732374        3.07413256922884     
   52.2000000000000      -0.260898019224512        2.95544242331727     
   52.3000000000000      -0.130722390664452        2.60992697116133     
   52.4000000000000        1.12895498746681        3.02236979545929     
   52.5000000000000      -4.542213192336224E-002   3.19986807516133     
   52.6000000000000       5.983471403156918E-002   2.49043498509347     
   52.7000000000000      -0.616100675986604        1.57083388760741     
   52.8000000000000       0.606250042705968        1.60743417669817     
   52.9000000000000       0.280065962660402        2.98628873875714     
   53.0000000000000       0.748956139192535        2.86348717087814     
   53.1000000000000       8.855678607333668E-005   3.11601276077242     
   53.2000000000000      -0.945195780958758        1.62814834802060     
   53.3000000000000      -0.923480556223715       0.576153666566947     
   53.4000000000000       -1.27099935877937        1.27673768343719     
   53.5000000000000      -0.382619214669078       0.666935770437584     
   53.6000000000000       0.288686211388598        1.76828195441212     
   53.7000000000000      -0.569039730098856        1.69351913442961     
   53.8000000000000      -0.382437223939583        1.10045057152899     
   53.9000000000000      -0.371149348693616        1.20017866770193     
   54.0000000000000       0.104592523070813        1.56364382108829     
   54.1000000000000      -9.029979110651773E-002   1.03131691798710     
   54.2000000000000       4.711807804228113E-002 -0.296687879954758     
   54.3000000000000       8.912980838218448E-002  -1.47242664355237     
   54.4000000000000        1.58184944633116       1.286472727654098E-002
   54.5000000000000       0.662611793627135       0.856523431411633     
   54.6000000000000      -0.237880507203080       0.168934277625834     
   54.7000000000000      -0.347122045499183        1.43111541514768     
   54.8000000000000        1.19847738767704        1.50290388307728     
   54.9000000000000       6.673154557635029E-002 -5.969881175032854E-002
   55.0000000000000       0.627142308820255      -0.919589282224472     
